0.00008 6.28301 0.04241 -0.08792  -0.23956   0.01328 -0.02776 -0.05282  0.10951
0.00008 6.28301 0.04241 -0.08792  -0.23956   0.01328 -0.02776 -0.05282  0.10951
0.00034 6.28248 0.08477 -0.17572  -0.23956   0.01328 -0.02778 -0.05282  0.10951
0.00034 6.28248 0.08477 -0.17572  -0.23956   0.01328 -0.02778 -0.05282  0.10951
0.00076 6.28160 0.12700 -0.26327  -0.23956   0.01328 -0.02780 -0.05282  0.10951
0.00076 6.28160 0.12700 -0.26327  -0.23956   0.01328 -0.02780 -0.05282  0.10951
0.00135 6.28038 0.16904 -0.35046  -0.23956   0.01328 -0.02783 -0.05282  0.10951
0.00135 6.28038 0.16904 -0.35046  -0.23956   0.01328 -0.02783 -0.05282  0.10951
0.00211 6.27880 0.21084 -0.43716  -0.23956   0.01328 -0.02787 -0.05282  0.10950
0.00211 6.27880 0.21084 -0.43716  -0.23956   0.01328 -0.02787 -0.05282  0.10950
0.00304 6.27688 0.25234 -0.52325  -0.23956   0.01328 -0.02792 -0.05281  0.10950
0.00304 6.27688 0.25234 -0.52325  -0.23956   0.01328 -0.02792 -0.05281  0.10950
0.00413 6.27462 0.29347 -0.60861  -0.23956   0.01328 -0.02797 -0.05281  0.10949
0.00413 6.27462 0.29347 -0.60861  -0.23956   0.01328 -0.02797 -0.05281  0.10949
0.00539 6.27201 0.33418 -0.69311  -0.23956   0.01327 -0.02803 -0.05281  0.10948
0.00539 6.27201 0.33418 -0.69311  -0.23956   0.01327 -0.02803 -0.05281  0.10948
0.00681 6.26907 0.37439 -0.77665  -0.23956   0.01327 -0.02810 -0.05281  0.10947
0.00681 6.26907 0.37439 -0.77665  -0.23956   0.01327 -0.02810 -0.05281  0.10947
0.00838 6.26580 0.41406 -0.85909  -0.23956   0.01326 -0.02817 -0.05280  0.10946
0.00838 6.26580 0.41406 -0.85909  -0.23956   0.01326 -0.02817 -0.05280  0.10946
0.01012 6.26220 0.45313 -0.94031  -0.23956   0.01326 -0.02824 -0.05279  0.10944
0.01012 6.26220 0.45313 -0.94031  -0.23956   0.01326 -0.02824 -0.05279  0.10944
0.01201 6.25828 0.49152 -1.02021  -0.23956   0.01325 -0.02831 -0.05278  0.10942
0.01201 6.25828 0.49152 -1.02021  -0.23956   0.01325 -0.02831 -0.05278  0.10942
0.01405 6.25404 0.52919 -1.09865  -0.23956   0.01325 -0.02838 -0.05277  0.10939
0.01405 6.25404 0.52919 -1.09865  -0.23956   0.01325 -0.02838 -0.05277  0.10939
0.01624 6.24949 0.56608 -1.17553  -0.23956   0.01324 -0.02846 -0.05276  0.10936
0.01624 6.24949 0.56608 -1.17553  -0.23956   0.01324 -0.02846 -0.05276  0.10936
0.01858 6.24464 0.60212 -1.25072  -0.23956   0.01323 -0.02853 -0.05275  0.10933
0.01858 6.24464 0.60212 -1.25072  -0.23956   0.01323 -0.02853 -0.05275  0.10933
0.02106 6.23949 0.63726 -1.32412  -0.23956   0.01322 -0.02860 -0.05273  0.10928
0.02106 6.23949 0.63726 -1.32412  -0.23956   0.01322 -0.02860 -0.05273  0.10928
0.02367 6.23405 0.67145 -1.39560  -0.23956   0.01321 -0.02867 -0.05271  0.10923
0.02367 6.23405 0.67145 -1.39560  -0.23956   0.01321 -0.02867 -0.05271  0.10923
0.02643 6.22833 0.70463 -1.46507  -0.23956   0.01319 -0.02874 -0.05268  0.10918
0.02643 6.22833 0.70463 -1.46507  -0.23956   0.01319 -0.02874 -0.05268  0.10918
0.02931 6.22233 0.73674 -1.53240  -0.23956   0.01318 -0.02879 -0.05266  0.10911
0.02931 6.22233 0.73674 -1.53240  -0.23956   0.01318 -0.02879 -0.05266  0.10911
0.03232 6.21607 0.76774 -1.59751  -0.23956   0.01316 -0.02884 -0.05262  0.10904
0.03232 6.21607 0.76774 -1.59751  -0.23956   0.01316 -0.02884 -0.05262  0.10904
0.03545 6.20955 0.79757 -1.66028  -0.23956   0.01314 -0.02888 -0.05259  0.10895
0.03545 6.20955 0.79757 -1.66028  -0.23956   0.01314 -0.02888 -0.05259  0.10895
0.03870 6.20279 0.82618 -1.72062  -0.23956   0.01312 -0.02892 -0.05255  0.10886
0.03870 6.20279 0.82618 -1.72062  -0.23956   0.01312 -0.02892 -0.05255  0.10886
0.04206 6.19579 0.85353 -1.77843  -0.23956   0.01310 -0.02894 -0.05250  0.10876
0.04206 6.19579 0.85353 -1.77843  -0.23956   0.01310 -0.02894 -0.05250  0.10876
0.04552 6.18857 0.87957 -1.83362  -0.23956   0.01308 -0.02894 -0.05245  0.10864
0.04552 6.18857 0.87957 -1.83362  -0.23956   0.01308 -0.02894 -0.05245  0.10864
0.04909 6.18113 0.90426 -1.88612  -0.23956   0.01305 -0.02894 -0.05240  0.10852
0.04909 6.18113 0.90426 -1.88612  -0.23956   0.01305 -0.02894 -0.05240  0.10852
0.05276 6.17348 0.92756 -1.93582  -0.23956   0.01302 -0.02892 -0.05234  0.10838
0.05276 6.17348 0.92756 -1.93582  -0.23956   0.01302 -0.02892 -0.05234  0.10838
0.05651 6.16564 0.94943 -1.98267  -0.23956   0.01299 -0.02889 -0.05227  0.10823
0.05651 6.16564 0.94943 -1.98267  -0.23956   0.01299 -0.02889 -0.05227  0.10823
0.06035 6.15763 0.96984 -2.02659  -0.23956   0.01296 -0.02884 -0.05220  0.10807
0.06035 6.15763 0.96984 -2.02659  -0.23956   0.01296 -0.02884 -0.05220  0.10807
0.06427 6.14944 0.98875 -2.06752  -0.23956   0.01292 -0.02877 -0.05212  0.10790
0.06427 6.14944 0.98875 -2.06752  -0.23956   0.01292 -0.02877 -0.05212  0.10790
0.06826 6.14109 1.00614 -2.10540  -0.23956   0.01289 -0.02868 -0.05204  0.10772
0.06826 6.14109 1.00614 -2.10540  -0.23956   0.01289 -0.02868 -0.05204  0.10772
0.07231 6.13260 1.02198 -2.14019  -0.23956   0.01284 -0.02858 -0.05195  0.10752
0.07231 6.13260 1.02198 -2.14019  -0.23956   0.01284 -0.02858 -0.05195  0.10752
0.07643 6.12397 1.03626 -2.17183  -0.23956   0.01280 -0.02846 -0.05185  0.10731
0.07643 6.12397 1.03626 -2.17183  -0.23956   0.01280 -0.02846 -0.05185  0.10731
0.08060 6.11523 1.04894 -2.20028  -0.23956   0.01276 -0.02833 -0.05175  0.10709
0.08060 6.11523 1.04894 -2.20028  -0.23956   0.01276 -0.02833 -0.05175  0.10709
0.08482 6.10637 1.06001 -2.22553  -0.23956   0.01271 -0.02817 -0.05164  0.10685
0.08482 6.10637 1.06001 -2.22553  -0.23956   0.01271 -0.02817 -0.05164  0.10685
0.08908 6.09743 1.06948 -2.24755  -0.23956   0.01266 -0.02800 -0.05153  0.10660
0.08908 6.09743 1.06948 -2.24755  -0.23956   0.01266 -0.02800 -0.05153  0.10660
0.09337 6.08840 1.07732 -2.26632  -0.23956   0.01261 -0.02781 -0.05141  0.10635
0.09337 6.08840 1.07732 -2.26632  -0.23956   0.01261 -0.02781 -0.05141  0.10635
0.09770 6.07930 1.08353 -2.28184  -0.23956   0.01256 -0.02760 -0.05128  0.10608
0.09770 6.07930 1.08353 -2.28184  -0.23956   0.01256 -0.02760 -0.05128  0.10608
0.10204 6.07015 1.08812 -2.29410  -0.23956   0.01250 -0.02737 -0.05115  0.10580
0.10204 6.07015 1.08812 -2.29410  -0.23956   0.01250 -0.02737 -0.05115  0.10580
0.10640 6.06095 1.09108 -2.30311  -0.23956   0.01244 -0.02713 -0.05102  0.10550
0.10640 6.06095 1.09108 -2.30311  -0.23956   0.01244 -0.02713 -0.05102  0.10550
0.11077 6.05173 1.09243 -2.30889  -0.23956   0.01238 -0.02687 -0.05087  0.10520
0.11077 6.05173 1.09243 -2.30889  -0.23956   0.01238 -0.02687 -0.05087  0.10520
0.11514 6.04249 1.09217 -2.31145  -0.23956   0.01232 -0.02660 -0.05073  0.10489
0.11514 6.04249 1.09217 -2.31145  -0.23956   0.01232 -0.02660 -0.05073  0.10489
0.11950 6.03324 1.09032 -2.31083  -0.23956   0.01226 -0.02631 -0.05058  0.10457
0.11950 6.03324 1.09032 -2.31083  -0.23956   0.01226 -0.02631 -0.05058  0.10457
0.12386 6.02400 1.08689 -2.30706  -0.23956   0.01220 -0.02602 -0.05042  0.10424
0.12386 6.02400 1.08689 -2.30706  -0.23956   0.01220 -0.02602 -0.05042  0.10424
0.12819 6.01479 1.08191 -2.30017  -0.23956   0.01213 -0.02571 -0.05026  0.10391
0.12819 6.01479 1.08191 -2.30017  -0.23956   0.01213 -0.02571 -0.05026  0.10391
0.13251 6.00561 1.07539 -2.29021  -0.23956   0.01206 -0.02539 -0.05010  0.10357
0.13251 6.00561 1.07539 -2.29021  -0.23956   0.01206 -0.02539 -0.05010  0.10357
0.13680 5.99647 1.06737 -2.27724  -0.23956   0.01200 -0.02506 -0.04993  0.10322
0.13680 5.99647 1.06737 -2.27724  -0.23956   0.01200 -0.02506 -0.04993  0.10322
0.14105 5.98739 1.05786 -2.26131  -0.23956   0.01193 -0.02472 -0.04977  0.10286
0.14105 5.98739 1.05786 -2.26131  -0.23956   0.01193 -0.02472 -0.04977  0.10286
0.14526 5.97838 1.04690 -2.24247  -0.23956   0.01186 -0.02437 -0.04960  0.10251
0.14526 5.97838 1.04690 -2.24247  -0.23956   0.01186 -0.02437 -0.04960  0.10251
0.14942 5.96946 1.03453 -2.22080  -0.23956   0.01180 -0.02402 -0.04942  0.10215
0.14942 5.96946 1.03453 -2.22080  -0.23956   0.01180 -0.02402 -0.04942  0.10215
0.15353 5.96062 1.02077 -2.19636  -0.23956   0.01173 -0.02366 -0.04925  0.10178
0.15353 5.96062 1.02077 -2.19636  -0.23956   0.01173 -0.02366 -0.04925  0.10178
0.15758 5.95189 1.00567 -2.16923  -0.23956   0.01166 -0.02330 -0.04907  0.10142
0.15758 5.95189 1.00567 -2.16923  -0.23956   0.01166 -0.02330 -0.04907  0.10142
0.16157 5.94327 0.98926 -2.13947  -0.23956   0.01159 -0.02293 -0.04890  0.10106
0.16157 5.94327 0.98926 -2.13947  -0.23956   0.01159 -0.02293 -0.04890  0.10106
0.16550 5.93478 0.97157 -2.10717  -0.23956   0.01153 -0.02256 -0.04872  0.10069
0.16550 5.93478 0.97157 -2.10717  -0.23956   0.01153 -0.02256 -0.04872  0.10069
0.16935 5.92642 0.95265 -2.07241  -0.23956   0.01146 -0.02218 -0.04854  0.10033
0.16935 5.92642 0.95265 -2.07241  -0.23956   0.01146 -0.02218 -0.04854  0.10033
0.17312 5.91820 0.93255 -2.03526  -0.23956   0.01140 -0.02180 -0.04837  0.09997
0.17312 5.91820 0.93255 -2.03526  -0.23956   0.01140 -0.02180 -0.04837  0.09997
0.17680 5.91014 0.91129 -1.99581  -0.23956   0.01134 -0.02140 -0.04819  0.09961
0.17680 5.91014 0.91129 -1.99581  -0.23956   0.01134 -0.02140 -0.04819  0.09961
0.18041 5.90224 0.88893 -1.95414  -0.23956   0.01128 -0.02100 -0.04802  0.09926
0.18041 5.90224 0.88893 -1.95414  -0.23956   0.01128 -0.02100 -0.04802  0.09926
0.18391 5.89451 0.86551 -1.91034  -0.23956   0.01121 -0.02058 -0.04785  0.09892
0.18391 5.89451 0.86551 -1.91034  -0.23956   0.01121 -0.02058 -0.04785  0.09892
0.18733 5.88696 0.84106 -1.86449  -0.23956   0.01115 -0.02014 -0.04768  0.09858
0.18733 5.88696 0.84106 -1.86449  -0.23956   0.01115 -0.02014 -0.04768  0.09858
0.19064 5.87959 0.81564 -1.81667  -0.23956   0.01106 -0.01969 -0.04752  0.09824
0.19064 5.87959 0.81564 -1.81667  -0.23956   0.01106 -0.01969 -0.04752  0.09824
0.19385 5.87243 0.78928 -1.76697  -0.23956   0.01093 -0.01933 -0.04735  0.09789
0.19385 5.87243 0.78928 -1.76697  -0.23956   0.01093 -0.01933 -0.04735  0.09789
0.19696 5.86546 0.76203 -1.71548  -0.23956   0.01070 -0.01937 -0.04714  0.09746
0.19696 5.86546 0.76203 -1.71548  -0.23956   0.01070 -0.01937 -0.04714  0.09746
0.19995 5.85870 0.73393 -1.66226  -0.23956   0.01024 -0.02113 -0.04676  0.09661
0.19995 5.85870 0.73393 -1.66226  -0.23956   0.01024 -0.02113 -0.04676  0.09661
0.20283 5.85216 0.70503 -1.60742  -0.23956   0.00939 -0.03007 -0.04566  0.09419
0.20283 5.85216 0.70503 -1.60742  -0.23956   0.00939 -0.03007 -0.04566  0.09419
0.20592 5.84516 1.00575 -2.23685  -0.23956   0.00928 -0.07371 -0.04542  0.09347
0.20592 5.84516 1.00575 -2.23685  -4.49290   0.00928 -0.07371 -0.04542  0.09347
0.21119 5.83360 1.63034 -3.53888  -4.49290   0.00911 -0.07428 -0.04504  0.09244
0.21119 5.83360 1.63034 -3.53888  -4.49290   0.00911 -0.07428 -0.04504  0.09244
0.21894 5.81688 2.24261 -4.81601  -4.49290   0.00889 -0.07483 -0.04454  0.09114
0.21894 5.81688 2.24261 -4.81601  -4.49290   0.00889 -0.07483 -0.04454  0.09114
0.22911 5.79512 2.83791 -6.05884  -4.49290   0.00864 -0.07516 -0.04391  0.08959
0.22911 5.79512 2.83791 -6.05884  -4.49290   0.00864 -0.07516 -0.04391  0.08959
0.24162 5.76847 3.41162 -7.25801  -4.49290   0.00835 -0.07504 -0.04316  0.08778
0.24162 5.76847 3.41162 -7.25801  -4.49290   0.00835 -0.07504 -0.04316  0.08778
0.25637 5.73713 3.95922 -8.40445  -4.49290   0.00804 -0.07426 -0.04230  0.08575
0.25637 5.73713 3.95922 -8.40445  -4.49290   0.00804 -0.07426 -0.04230  0.08575
0.27325 5.70132 4.47651 -9.48971  -4.49290   0.00770 -0.07267 -0.04133  0.08352
0.27325 5.70132 4.47651 -9.48971  -4.49290   0.00770 -0.07267 -0.04133  0.08352
0.29214 5.66130 4.95978 -10.50637  -4.49290   0.00735 -0.07020 -0.04027  0.08111
0.29214 5.66130 4.95978 -10.50637  -4.49290   0.00735 -0.07020 -0.04027  0.08111
0.31288 5.61736 5.40599 -11.44845  -4.49290   0.00700 -0.06683 -0.03913  0.07857
0.31288 5.61736 5.40599 -11.44845  -4.49290   0.00700 -0.06683 -0.03913  0.07857
0.33533 5.56982 5.81296 -12.31172  -4.49290   0.00665 -0.06265 -0.03792  0.07591
0.33533 5.56982 5.81296 -12.31172  -4.49290   0.00665 -0.06265 -0.03792  0.07591
0.35933 5.51898 6.17948 -13.09396  -4.49290   0.00630 -0.05782 -0.03666  0.07318
0.35933 5.51898 6.17948 -13.09396  -4.49290   0.00630 -0.05782 -0.03666  0.07318
0.38471 5.46517 6.50530 -13.79497  -4.49290   0.00596 -0.05252 -0.03536  0.07042
0.38471 5.46517 6.50530 -13.79497  -4.49290   0.00596 -0.05252 -0.03536  0.07042
0.41132 5.40873 6.79112 -14.41651  -4.49290   0.00564 -0.04695 -0.03404  0.06765
0.41132 5.40873 6.79112 -14.41651  -4.49290   0.00564 -0.04695 -0.03404  0.06765
0.43899 5.34994 7.03847 -14.96203  -4.49290   0.00533 -0.04133 -0.03271  0.06490
0.43899 5.34994 7.03847 -14.96203  -4.49290   0.00533 -0.04133 -0.03271  0.06490
0.46758 5.28912 7.24950 -15.43638  -4.49290   0.00504 -0.03581 -0.03139  0.06220
0.46758 5.28912 7.24950 -15.43638  -4.49290   0.00504 -0.03581 -0.03139  0.06220
0.49694 5.22654 7.42684 -15.84533  -4.49290   0.00476 -0.03054 -0.03009  0.05957
0.49694 5.22654 7.42684 -15.84533  -4.49290   0.00476 -0.03054 -0.03009  0.05957
0.52695 5.16244 7.57341 -16.19530  -4.49290   0.00449 -0.02562 -0.02882  0.05703
0.52695 5.16244 7.57341 -16.19530  -4.49290   0.00449 -0.02562 -0.02882  0.05703
0.55749 5.09705 7.69221 -16.49292  -4.49290   0.00423 -0.02113 -0.02759  0.05459
0.55749 5.09705 7.69221 -16.49292  -4.49290   0.00423 -0.02113 -0.02759  0.05459
0.58846 5.03056 7.78622 -16.74483  -4.49290   0.00397 -0.01711 -0.02640  0.05226
0.58846 5.03056 7.78622 -16.74483  -4.49290   0.00397 -0.01711 -0.02640  0.05226
0.61975 4.96314 7.85827 -16.95738  -4.49290   0.00373 -0.01357 -0.02527  0.05005
0.61975 4.96314 7.85827 -16.95738  -4.49290   0.00373 -0.01357 -0.02527  0.05005
0.65130 4.89494 7.91097 -17.13658  -4.49290   0.00351 -0.01050 -0.02419  0.04797
0.65130 4.89494 7.91097 -17.13658  -4.49290   0.00351 -0.01050 -0.02419  0.04797
0.68302 4.82609 7.94669 -17.28794  -4.49290   0.00330 -0.00788 -0.02316  0.04601
0.68302 4.82609 7.94669 -17.28794  -4.49290   0.00330 -0.00788 -0.02316  0.04601
0.71485 4.75667 7.96750 -17.41644  -4.49290   0.00310 -0.00565 -0.02220  0.04418
0.71485 4.75667 7.96750 -17.41644  -4.49290   0.00310 -0.00565 -0.02220  0.04418
0.74674 4.68678 7.97518 -17.52656  -4.49290   0.00292 -0.00378 -0.02130  0.04248
0.74674 4.68678 7.97518 -17.52656  -4.49290   0.00292 -0.00378 -0.02130  0.04248
0.77864 4.61648 7.97126 -17.62228  -4.49290   0.00275 -0.00221 -0.02046  0.04090
0.77864 4.61648 7.97126 -17.62228  -4.49290   0.00275 -0.00221 -0.02046  0.04090
0.81050 4.54581 7.95697 -17.70710  -4.49290   0.00260 -0.00089 -0.01967  0.03944
0.81050 4.54581 7.95697 -17.70710  -4.49290   0.00260 -0.00089 -0.01967  0.03944
0.84228 4.47483 7.93335 -17.78412  -4.49290   0.00246  0.00021 -0.01894  0.03810
0.84228 4.47483 7.93335 -17.78412  -4.49290   0.00246  0.00021 -0.01894  0.03810
0.87395 4.40355 7.90120 -17.85605  -4.49290   0.00234  0.00115 -0.01825  0.03687
0.87395 4.40355 7.90120 -17.85605  -4.49290   0.00234  0.00115 -0.01825  0.03687
0.90548 4.33199 7.86117 -17.92528  -4.49290   0.00222  0.00194 -0.01762  0.03575
0.90548 4.33199 7.86117 -17.92528  -4.49290   0.00222  0.00194 -0.01762  0.03575
0.93683 4.26015 7.81377 -17.99394  -4.49290   0.00211  0.00262 -0.01703  0.03472
0.93683 4.26015 7.81377 -17.99394  -4.49290   0.00211  0.00262 -0.01703  0.03472
0.96798 4.18803 7.75942 -18.06392  -4.49290   0.00202  0.00322 -0.01648  0.03379
0.96798 4.18803 7.75942 -18.06392  -4.49290   0.00202  0.00322 -0.01648  0.03379
0.99890 4.11563 7.69853 -18.13691  -4.49290   0.00192  0.00376 -0.01597  0.03294
0.99890 4.11563 7.69853 -18.13691  -4.49290   0.00192  0.00376 -0.01597  0.03294
1.02956 4.04293 7.63153 -18.21446  -4.49290   0.00183  0.00426 -0.01549  0.03219
1.02956 4.04293 7.63153 -18.21446  -4.49290   0.00183  0.00426 -0.01549  0.03219
1.05994 3.96991 7.55897 -18.29801  -4.49290   0.00175  0.00474 -0.01505  0.03151
1.05994 3.96991 7.55897 -18.29801  -4.49290   0.00175  0.00474 -0.01505  0.03151
1.09003 3.89654 7.48163 -18.38889  -4.49290   0.00166  0.00521 -0.01463  0.03091
1.09003 3.89654 7.48163 -18.38889  -4.49290   0.00166  0.00521 -0.01463  0.03091
1.11979 3.82279 7.40060 -18.48841  -4.49290   0.00158  0.00569 -0.01424  0.03038
1.11979 3.82279 7.40060 -18.48841  -4.49290   0.00158  0.00569 -0.01424  0.03038
1.14923 3.74862 7.31743 -18.59782  -4.49290   0.00150  0.00619 -0.01388  0.02993
1.14923 3.74862 7.31743 -18.59782  -4.49290   0.00150  0.00619 -0.01388  0.02993
1.17833 3.67399 7.23425 -18.71838  -4.49290   0.00142  0.00671 -0.01355  0.02954
1.17833 3.67399 7.23425 -18.71838  -4.49290   0.00142  0.00671 -0.01355  0.02954
1.20710 3.59885 7.15387 -18.85140  -4.49290   0.00134  0.00725 -0.01324  0.02923
1.20710 3.59885 7.15387 -18.85140  -4.49290   0.00134  0.00725 -0.01324  0.02923
1.23557 3.52316 7.07987 -18.99821  -4.49290   0.00127  0.00782 -0.01296  0.02898
1.23557 3.52316 7.07987 -18.99821  -4.49290   0.00127  0.00782 -0.01296  0.02898
1.26376 3.44685 7.01658 -19.16024  -4.49290   0.00119  0.00841 -0.01271  0.02880
1.26376 3.44685 7.01658 -19.16024  -4.49290   0.00119  0.00841 -0.01271  0.02880
1.29172 3.36985 6.96898 -19.33902  -4.49290   0.00112  0.00902 -0.01250  0.02868
1.29172 3.36985 6.96898 -19.33902  -4.49290   0.00112  0.00902 -0.01250  0.02868
1.31954 3.29211 6.94253 -19.53625  -4.49290   0.00104  0.00962 -0.01233  0.02863
1.31954 3.29211 6.94253 -19.53625  -4.49290   0.00104  0.00962 -0.01233  0.02863
1.34730 3.21354 6.94275 -19.75376  -4.49290   0.00097  0.01022 -0.01220  0.02865
1.34730 3.21354 6.94275 -19.75376  -4.49290   0.00097  0.01022 -0.01220  0.02865
1.37512 3.13405 6.97484 -19.99361  -4.49290   0.00091  0.01081 -0.01213  0.02873
1.37512 3.13405 6.97484 -19.99361  -4.49290   0.00091  0.01081 -0.01213  0.02873
1.40315 3.05356 7.04323 -20.25810  -4.49290   0.00085  0.01137 -0.01211  0.02889
1.40315 3.05356 7.04323 -20.25810  -4.49290   0.00085  0.01137 -0.01211  0.02889
1.43152 2.97195 7.15119 -20.54984  -4.49290   0.00079  0.01181 -0.01217  0.02915
1.43152 2.97195 7.15119 -20.54984  -4.49290   0.00079  0.01181 -0.01217  0.02915
1.46041 2.88912 7.30066 -20.87178  -4.49290   0.00074  0.01181 -0.01233  0.02954
1.46041 2.88912 7.30066 -20.87178  -4.49290   0.00074  0.01181 -0.01233  0.02954
1.48998 2.80493 7.49226 -21.22728  -4.49290   0.00070  0.01022 -0.01251  0.02998
1.48998 2.80493 7.49226 -21.22728  -4.49290   0.00070  0.01022 -0.01251  0.02998
1.51980 2.72061 7.42245 -20.93472  2.59296   0.00066  0.00955 -0.01273  0.03049
1.51980 2.72061 7.42245 -20.93472  2.59296   0.00066  0.00955 -0.01273  0.03049
1.54939 2.63742 7.37448 -20.66295  2.59296   0.00064  0.00891 -0.01300  0.03107
1.54939 2.63742 7.37448 -20.66295  2.59296   0.00064  0.00891 -0.01300  0.03107
1.57882 2.55528 7.34241 -20.40981  2.59296   0.00063  0.00829 -0.01331  0.03173
1.57882 2.55528 7.34241 -20.40981  2.59296   0.00063  0.00829 -0.01331  0.03173
1.60815 2.47412 7.32116 -20.17328  2.59296   0.00062  0.00769 -0.01366  0.03246
1.60815 2.47412 7.32116 -20.17328  2.59296   0.00062  0.00769 -0.01366  0.03246
1.63740 2.39388 7.30662 -19.95146  2.59296   0.00063  0.00713 -0.01405  0.03328
1.63740 2.39388 7.30662 -19.95146  2.59296   0.00063  0.00713 -0.01405  0.03328
1.66660 2.31449 7.29556 -19.74255  2.59296   0.00065  0.00657 -0.01448  0.03419
1.66660 2.31449 7.29556 -19.74255  2.59296   0.00065  0.00657 -0.01448  0.03419
1.69576 2.23592 7.28549 -19.54478  2.59296   0.00067  0.00602 -0.01494  0.03519
1.69576 2.23592 7.28549 -19.54478  2.59296   0.00067  0.00602 -0.01494  0.03519
1.72489 2.15812 7.27450 -19.35645  2.59296   0.00070  0.00545 -0.01545  0.03628
1.72489 2.15812 7.27450 -19.35645  2.59296   0.00070  0.00545 -0.01545  0.03628
1.75396 2.08106 7.26116 -19.17581  2.59296   0.00074  0.00485 -0.01601  0.03748
1.75396 2.08106 7.26116 -19.17581  2.59296   0.00074  0.00485 -0.01601  0.03748
1.78297 2.00471 7.24432 -19.00113  2.59296   0.00078  0.00419 -0.01661  0.03879
1.78297 2.00471 7.24432 -19.00113  2.59296   0.00078  0.00419 -0.01661  0.03879
1.81191 1.92905 7.22306 -18.83059  2.59296   0.00083  0.00345 -0.01726  0.04022
1.81191 1.92905 7.22306 -18.83059  2.59296   0.00083  0.00345 -0.01726  0.04022
1.84075 1.85406 7.19655 -18.66228  2.59296   0.00088  0.00262 -0.01797  0.04176
1.84075 1.85406 7.19655 -18.66228  2.59296   0.00088  0.00262 -0.01797  0.04176
1.86947 1.77975 7.16401 -18.49417  2.59296   0.00092  0.00166 -0.01873  0.04343
1.86947 1.77975 7.16401 -18.49417  2.59296   0.00092  0.00166 -0.01873  0.04343
1.89805 1.70611 7.12463 -18.32408  2.59296   0.00097  0.00055 -0.01954  0.04523
1.89805 1.70611 7.12463 -18.32408  2.59296   0.00097  0.00055 -0.01954  0.04523
1.92646 1.63316 7.07754 -18.14963  2.59296   0.00102 -0.00073 -0.02042  0.04717
1.92646 1.63316 7.07754 -18.14963  2.59296   0.00102 -0.00073 -0.02042  0.04717
1.95466 1.56092 7.02178 -17.96825  2.59296   0.00106 -0.00222 -0.02135  0.04925
1.95466 1.56092 7.02178 -17.96825  2.59296   0.00106 -0.00222 -0.02135  0.04925
1.98262 1.48943 6.95625 -17.77710  2.59296   0.00109 -0.00395 -0.02235  0.05146
1.98262 1.48943 6.95625 -17.77710  2.59296   0.00109 -0.00395 -0.02235  0.05146
2.01029 1.41872 6.87972 -17.57310  2.59296   0.00112 -0.00593 -0.02341  0.05381
2.01029 1.41872 6.87972 -17.57310  2.59296   0.00112 -0.00593 -0.02341  0.05381
2.03764 1.34887 6.79079 -17.35288  2.59296   0.00113 -0.00819 -0.02453  0.05630
2.03764 1.34887 6.79079 -17.35288  2.59296   0.00113 -0.00819 -0.02453  0.05630
2.06460 1.27993 6.68792 -17.11281  2.59296   0.00113 -0.01074 -0.02571  0.05891
2.06460 1.27993 6.68792 -17.11281  2.59296   0.00113 -0.01074 -0.02571  0.05891
2.09112 1.21199 6.56943 -16.84902  2.59296   0.00110 -0.01359 -0.02695  0.06164
2.09112 1.21199 6.56943 -16.84902  2.59296   0.00110 -0.01359 -0.02695  0.06164
2.11713 1.14517 6.43352 -16.55742  2.59296   0.00106 -0.01672 -0.02824  0.06446
2.11713 1.14517 6.43352 -16.55742  2.59296   0.00106 -0.01672 -0.02824  0.06446
2.14256 1.07958 6.27828 -16.23382  2.59296   0.00098 -0.02010 -0.02958  0.06738
2.14256 1.07958 6.27828 -16.23382  2.59296   0.00098 -0.02010 -0.02958  0.06738
2.16733 1.01535 6.10183 -15.87399  2.59296   0.00088 -0.02366 -0.03096  0.07035
2.16733 1.01535 6.10183 -15.87399  2.59296   0.00088 -0.02366 -0.03096  0.07035
2.19135 0.95264 5.90229 -15.47385  2.59296   0.00073 -0.02733 -0.03237  0.07336
2.19135 0.95264 5.90229 -15.47385  2.59296   0.00073 -0.02733 -0.03237  0.07336
2.21452 0.89162 5.67795 -15.02964  2.59296   0.00055 -0.03097 -0.03381  0.07638
2.21452 0.89162 5.67795 -15.02964  2.59296   0.00055 -0.03097 -0.03381  0.07638
2.23674 0.83247 5.42735 -14.53811  2.59296   0.00033 -0.03446 -0.03525  0.07938
2.23674 0.83247 5.42735 -14.53811  2.59296   0.00033 -0.03446 -0.03525  0.07938
2.25790 0.77538 5.14937 -13.99674  2.59296   0.00006 -0.03761 -0.03669  0.08232
2.25790 0.77538 5.14937 -13.99674  2.59296   0.00006 -0.03761 -0.03669  0.08232
2.27789 0.72056 4.84334 -13.40394  2.59296  -0.00025 -0.04027 -0.03811  0.08517
2.27789 0.72056 4.84334 -13.40394  2.59296  -0.00025 -0.04027 -0.03811  0.08517
2.29661 0.66822 4.50915 -12.75921  2.59296  -0.00061 -0.04225 -0.03950  0.08790
2.29661 0.66822 4.50915 -12.75921  2.59296  -0.00061 -0.04225 -0.03950  0.08790
2.31393 0.61856 4.14722 -12.06324  2.59296  -0.00100 -0.04343 -0.04083  0.09048
2.31393 0.61856 4.14722 -12.06324  2.59296  -0.00100 -0.04343 -0.04083  0.09048
2.32975 0.57178 3.75860 -11.31790  2.59296  -0.00144 -0.04371 -0.04210  0.09288
2.32975 0.57178 3.75860 -11.31790  2.59296  -0.00144 -0.04371 -0.04210  0.09288
2.34397 0.52807 3.34486 -10.52614  2.59296  -0.00190 -0.04306 -0.04329  0.09508
2.34397 0.52807 3.34486 -10.52614  2.59296  -0.00190 -0.04306 -0.04329  0.09508
2.35648 0.48762 2.90803 -9.69186  2.59296  -0.00237 -0.04153 -0.04438  0.09705
2.35648 0.48762 2.90803 -9.69186  2.59296  -0.00237 -0.04153 -0.04438  0.09705
2.36720 0.45059 2.45044 -8.81960  2.59296  -0.00284 -0.03923 -0.04536  0.09879
2.36720 0.45059 2.45044 -8.81960  2.59296  -0.00284 -0.03923 -0.04536  0.09879
2.37606 0.41711 1.97465 -7.91431  2.59296  -0.00329 -0.03637 -0.04624  0.10028
2.37606 0.41711 1.97465 -7.91431  2.59296  -0.00329 -0.03637 -0.04624  0.10028
2.38298 0.38731 1.48324 -6.98106  2.59296  -0.00370 -0.03318 -0.04698  0.10152
2.38298 0.38731 1.48324 -6.98106  2.59296  -0.00370 -0.03318 -0.04698  0.10152
2.38791 0.36129 0.97875 -6.02476  2.59296  -0.00405 -0.02992 -0.04761  0.10253
2.38791 0.36129 0.97875 -6.02476  2.59296  -0.00405 -0.02992 -0.04761  0.10253
2.39079 0.33914 0.46352 -5.05002  2.59296  -0.00433 -0.02685 -0.04812  0.10331
2.39079 0.33914 0.46352 -5.05002  2.59296  -0.00433 -0.02685 -0.04812  0.10331
2.39160 0.32091 -0.06033 -4.06102  2.59296  -0.00454 -0.02419 -0.04851  0.10387
2.39160 0.32091 -0.06033 -4.06102  2.59296  -0.00454 -0.02419 -0.04851  0.10387
2.39030 0.30667 -0.59093 -3.06143  2.59296  -0.00466 -0.02212 -0.04879  0.10425
2.39030 0.30667 -0.59093 -3.06143  2.59296  -0.00466 -0.02212 -0.04879  0.10425
2.38687 0.29643 -1.12667 -2.05447  2.59296  -0.00470 -0.02075 -0.04896  0.10444
2.38687 0.29643 -1.12667 -2.05447  2.59296  -0.00470 -0.02075 -0.04896  0.10444
2.38129 0.29024 -1.66615 -1.04299  2.59296  -0.00464 -0.02016 -0.04904  0.10447
2.38129 0.29024 -1.66615 -1.04299  2.59296  -0.00464 -0.02016 -0.04904  0.10447
2.37354 0.28809 -2.20813 -0.02954  2.59296  -0.00449 -0.02036 -0.04902  0.10431
2.37354 0.28809 -2.20813 -0.02954  2.59296  -0.00449 -0.02036 -0.04902  0.10431
2.36362 0.29000 -2.75147 0.98339  2.59296  -0.00425 -0.02131 -0.04890  0.10399
2.36362 0.29000 -2.75147 0.98339  2.59296  -0.00425 -0.02131 -0.04890  0.10399
2.35153 0.29595 -3.29506 1.99332  2.59296  -0.00392 -0.02294 -0.04868  0.10348
2.35153 0.29595 -3.29506 1.99332  2.59296  -0.00392 -0.02294 -0.04868  0.10348
2.33726 0.30594 -3.83770 2.99754  2.59296  -0.00350 -0.02512 -0.04836  0.10278
2.33726 0.30594 -3.83770 2.99754  2.59296  -0.00350 -0.02512 -0.04836  0.10278
2.32083 0.31992 -4.37810 3.99299  2.59296  -0.00301 -0.02770 -0.04792  0.10186
2.32083 0.31992 -4.37810 3.99299  2.59296  -0.00301 -0.02770 -0.04792  0.10186
2.30224 0.33786 -4.91478 4.97615  2.59296  -0.00245 -0.03065 -0.04735  0.10065
2.30224 0.33786 -4.91478 4.97615  2.59296  -0.00245 -0.03065 -0.04735  0.10065
2.28152 0.35971 -5.44607 5.94299  2.59296  -0.00184 -0.03454 -0.04649  0.09885
2.28152 0.35971 -5.44607 5.94299  2.59296  -0.00184 -0.03454 -0.04649  0.09885
2.25868 0.38538 -5.97008 6.88892  2.59296  -0.00121 -0.04295 -0.04489  0.09540
2.25868 0.38538 -5.97008 6.88892  2.59296  -0.00121 -0.04295 -0.04489  0.09540
2.23353 0.41527 -6.71846 8.29358  2.59296  -0.00058 -0.07607 -0.04406  0.09348
2.23353 0.41527 -6.71846 8.29358  5.56265  -0.00058 -0.07607 -0.04406  0.09348
2.20473 0.45213 -7.67638 10.12281  5.56265   0.00012 -0.07977 -0.04286  0.09077
2.20473 0.45213 -7.67638 10.12281  5.56265   0.00012 -0.07977 -0.04286  0.09077
2.17217 0.49614 -8.59841 11.86516  5.56265   0.00082 -0.08185 -0.04153  0.08782
2.17217 0.49614 -8.59841 11.86516  5.56265   0.00082 -0.08185 -0.04153  0.08782
2.13600 0.54691 -9.47631 13.50128  5.56265   0.00152 -0.08181 -0.04007  0.08460
2.13600 0.54691 -9.47631 13.50128  5.56265   0.00152 -0.08181 -0.04007  0.08460
2.09643 0.60398 -10.30283 15.01363  5.56265   0.00219 -0.07937 -0.03851  0.08118
2.09643 0.60398 -10.30283 15.01363  5.56265   0.00219 -0.07937 -0.03851  0.08118
2.05366 0.66684 -11.07263 16.38824  5.56265   0.00283 -0.07459 -0.03687  0.07761
2.05366 0.66684 -11.07263 16.38824  5.56265   0.00283 -0.07459 -0.03687  0.07761
2.00793 0.73489 -11.78295 17.61623  5.56265   0.00344 -0.06781 -0.03518  0.07397
2.00793 0.73489 -11.78295 17.61623  5.56265   0.00344 -0.06781 -0.03518  0.07397
1.95947 0.80757 -12.43401 18.69458  5.56265   0.00402 -0.05955 -0.03347  0.07033
1.95947 0.80757 -12.43401 18.69458  5.56265   0.00402 -0.05955 -0.03347  0.07033
1.90853 0.88425 -13.02902 19.62611  5.56265   0.00454 -0.05038 -0.03176  0.06675
1.90853 0.88425 -13.02902 19.62611  5.56265   0.00454 -0.05038 -0.03176  0.06675
1.85531 0.96439 -13.57375 20.41867  5.56265   0.00497 -0.04082 -0.03007  0.06327
1.85531 0.96439 -13.57375 20.41867  5.56265   0.00497 -0.04082 -0.03007  0.06327
1.80000 1.04743 -14.07599 21.08385  5.56265   0.00527 -0.03141 -0.02841  0.05990
1.80000 1.04743 -14.07599 21.08385  5.56265   0.00527 -0.03141 -0.02841  0.05990
1.74274 1.13291 -14.54479 21.63547  5.56265   0.00544 -0.02259 -0.02678  0.05665
1.74274 1.13291 -14.54479 21.63547  5.56265   0.00544 -0.02259 -0.02678  0.05665
1.68367 1.22039 -14.98990 22.08828  5.56265   0.00546 -0.01465 -0.02519  0.05353
1.68367 1.22039 -14.98990 22.08828  5.56265   0.00546 -0.01465 -0.02519  0.05353
1.62284 1.30950 -15.42120 22.45679  5.56265   0.00539 -0.00755 -0.02367  0.05058
1.62284 1.30950 -15.42120 22.45679  5.56265   0.00539 -0.00755 -0.02367  0.05058
1.56033 1.39990 -15.82582 22.70726  5.56265   0.00526 -0.00060 -0.02225  0.04780
1.56033 1.39990 -15.82582 22.70726  4.99122   0.00526 -0.00060 -0.02225  0.04780
1.49625 1.49105 -16.21632 22.85991  4.99122   0.00511  0.00322 -0.02096  0.04526
1.49625 1.49105 -16.21632 22.85991  4.99122   0.00511  0.00322 -0.02096  0.04526
1.43057 1.58273 -16.62432 22.97411  4.99122   0.00496  0.00623 -0.01978  0.04295
1.43057 1.58273 -16.62432 22.97411  4.99122   0.00496  0.00623 -0.01978  0.04295
1.36322 1.67480 -17.05706 23.05738  4.99122   0.00482  0.00860 -0.01872  0.04086
1.36322 1.67480 -17.05706 23.05738  4.99122   0.00482  0.00860 -0.01872  0.04086
1.29408 1.76715 -17.52116 23.11588  4.99122   0.00469  0.01046 -0.01778  0.03900
1.29408 1.76715 -17.52116 23.11588  4.99122   0.00469  0.01046 -0.01778  0.03900
1.22300 1.85970 -18.02250 23.15460  4.99122   0.00459  0.01191 -0.01695  0.03732
1.22300 1.85970 -18.02250 23.15460  4.99122   0.00459  0.01191 -0.01695  0.03732
1.14984 1.95237 -18.56610 23.17765  4.99122   0.00452  0.01302 -0.01623  0.03584
1.14984 1.95237 -18.56610 23.17765  4.99122   0.00452  0.01302 -0.01623  0.03584
1.07441 2.04510 -19.15578 23.18858  4.99122   0.00448  0.01384 -0.01561  0.03453
1.07441 2.04510 -19.15578 23.18858  4.99122   0.00448  0.01384 -0.01561  0.03453
0.99653 2.13787 -19.79374 23.19071  4.99122   0.00447  0.01438 -0.01509  0.03337
0.99653 2.13787 -19.79374 23.19071  4.99122   0.00447  0.01438 -0.01509  0.03337
0.91600 2.23062 -20.47989 23.18754  4.99122   0.00451  0.01464 -0.01466  0.03237
0.91600 2.23062 -20.47989 23.18754  4.99122   0.00451  0.01464 -0.01466  0.03237
0.83263 2.32336 -21.21109 23.18321  4.99122   0.00457  0.01460 -0.01430  0.03152
0.83263 2.32336 -21.21109 23.18321  4.99122   0.00457  0.01460 -0.01430  0.03152
0.74626 2.41609 -21.98018 23.18303  4.99122   0.00465  0.01427 -0.01400  0.03080
0.74626 2.41609 -21.98018 23.18303  4.99122   0.00465  0.01427 -0.01400  0.03080
0.65675 2.50884 -22.77503 23.19391  4.99122   0.00475  0.01367 -0.01373  0.03021
0.65675 2.50884 -22.77503 23.19391  4.99122   0.00475  0.01367 -0.01373  0.03021
0.56405 2.60167 -23.57775 23.22492  4.99122   0.00484  0.01287 -0.01348  0.02972
0.56405 2.60167 -23.57775 23.22492  4.99122   0.00484  0.01287 -0.01348  0.02972
0.46815 2.69468 -24.36441 23.28746  4.99122   0.00492  0.01195 -0.01326  0.02933
0.46815 2.69468 -24.36441 23.28746  4.99122   0.00492  0.01195 -0.01326  0.02933
0.36919 2.78803 -25.10545 23.39524  4.99122   0.00498  0.01106 -0.01307  0.02901
0.36919 2.78803 -25.10545 23.39524  4.99122   0.00498  0.01106 -0.01307  0.02901
0.26741 2.88193 -25.76740 23.56369  4.99122   0.00501  0.01040 -0.01294  0.02873
0.26741 2.88193 -25.76740 23.56369  4.99122   0.00501  0.01040 -0.01294  0.02873
0.16338 2.97623 -26.13476 23.39342  4.99122   0.00503  0.01064 -0.01283  0.02859
0.16338 2.97623 -26.13476 23.39342  -3.83894   0.00503  0.01064 -0.01283  0.02859
0.05871 3.06879 -26.17787 22.90261  -3.83894   0.00501  0.00999 -0.01280  0.02850
0.05871 3.06879 -26.17787 22.90261  -3.83894   0.00501  0.00999 -0.01280  0.02850
6.23735 3.15958 -26.06634 22.50979  -3.83894   0.00496  0.00986 -0.01283  0.02847
6.23735 3.15958 -26.06634 22.50979  -3.83894   0.00496  0.00986 -0.01283  0.02847
6.13357 3.24899 -25.80235 22.21119  -3.83894   0.00487  0.01021 -0.01293  0.02850
6.13357 3.24899 -25.80235 22.21119  -3.83894   0.00487  0.01021 -0.01293  0.02850
6.03112 3.33739 -25.39877 21.99922  -3.83894   0.00475  0.01093 -0.01307  0.02862
6.03112 3.33739 -25.39877 21.99922  -3.83894   0.00475  0.01093 -0.01307  0.02862
5.93054 3.42509 -24.87661 21.86326  -3.83894   0.00461  0.01190 -0.01323  0.02884
5.93054 3.42509 -24.87661 21.86326  -3.83894   0.00461  0.01190 -0.01323  0.02884
5.83223 3.51238 -24.26182 21.79084  -3.83894   0.00448  0.01292 -0.01341  0.02917
5.83223 3.51238 -24.26182 21.79084  -3.83894   0.00448  0.01292 -0.01341  0.02917
5.73653 3.59948 -23.58215 21.76897  -3.83894   0.00436  0.01384 -0.01364  0.02963
5.73653 3.59948 -23.58215 21.76897  -3.83894   0.00436  0.01384 -0.01364  0.02963
5.64363 3.68658 -22.86450 21.78525  -3.83894   0.00428  0.01454 -0.01391  0.03023
5.64363 3.68658 -22.86450 21.78525  -3.83894   0.00428  0.01454 -0.01391  0.03023
5.55363 3.77380 -22.13293 21.82876  -3.83894   0.00423  0.01501 -0.01426  0.03095
5.55363 3.77380 -22.13293 21.82876  -3.83894   0.00423  0.01501 -0.01426  0.03095
5.46655 3.86123 -21.40746 21.89041  -3.83894   0.00421  0.01524 -0.01468  0.03180
5.46655 3.86123 -21.40746 21.89041  -3.83894   0.00421  0.01524 -0.01468  0.03180
5.38234 3.94894 -20.70370 21.96309  -3.83894   0.00421  0.01528 -0.01519  0.03279
5.38234 3.94894 -20.70370 21.96309  -3.83894   0.00421  0.01528 -0.01519  0.03279
5.30088 4.03694 -20.03286 22.04148  -3.83894   0.00424  0.01513 -0.01578  0.03391
5.30088 4.03694 -20.03286 22.04148  -3.83894   0.00424  0.01513 -0.01578  0.03391
5.22202 4.12527 -19.40227 22.12173  -3.83894   0.00428  0.01480 -0.01645  0.03519
5.22202 4.12527 -19.40227 22.12173  -3.83894   0.00428  0.01480 -0.01645  0.03519
5.14560 4.21392 -18.81598 22.20112  -3.83894   0.00434  0.01427 -0.01721  0.03664
5.14560 4.21392 -18.81598 22.20112  -3.83894   0.00434  0.01427 -0.01721  0.03664
5.07144 4.30288 -18.27545 22.27764  -3.83894   0.00441  0.01352 -0.01807  0.03827
5.07144 4.30288 -18.27545 22.27764  -3.83894   0.00441  0.01352 -0.01807  0.03827
4.99934 4.39213 -17.78015 22.34968  -3.83894   0.00449  0.01249 -0.01902  0.04010
4.99934 4.39213 -17.78015 22.34968  -3.83894   0.00449  0.01249 -0.01902  0.04010
4.92914 4.48167 -17.32810 22.41564  -3.83894   0.00457  0.01112 -0.02008  0.04214
4.92914 4.48167 -17.32810 22.41564  -3.83894   0.00457  0.01112 -0.02008  0.04214
4.86066 4.57145 -16.91621 22.47372  -3.83894   0.00464  0.00931 -0.02125  0.04440
4.86066 4.57145 -16.91621 22.47372  -3.83894   0.00464  0.00931 -0.02125  0.04440
4.79376 4.66144 -16.54062 22.52159  -3.83894   0.00469  0.00699 -0.02254  0.04691
4.79376 4.66144 -16.54062 22.52159  -3.83894   0.00469  0.00699 -0.02254  0.04691
4.72829 4.75160 -16.19682 22.55616  -3.83894   0.00471  0.00404 -0.02394  0.04965
4.72829 4.75160 -16.19682 22.55616  -3.83894   0.00471  0.00404 -0.02394  0.04965
4.66415 4.84187 -15.87975 22.57335  -3.83894   0.00469  0.00035 -0.02545  0.05264
4.66415 4.84187 -15.87975 22.57335  -3.83894   0.00469  0.00035 -0.02545  0.05264
4.60123 4.93216 -15.58381 22.56780  -3.83894   0.00463 -0.00420 -0.02707  0.05586
4.60123 4.93216 -15.58381 22.56780  -3.83894   0.00463 -0.00420 -0.02707  0.05586
4.53946 5.02237 -15.30282 22.53266  -3.83894   0.00452 -0.00972 -0.02879  0.05931
4.53946 5.02237 -15.30282 22.53266  -3.83894   0.00452 -0.00972 -0.02879  0.05931
4.47879 5.11237 -15.02996 22.45936  -3.83894   0.00434 -0.01632 -0.03061  0.06297
4.47879 5.11237 -15.02996 22.45936  -3.83894   0.00434 -0.01632 -0.03061  0.06297
4.41922 5.20198 -14.75773 22.33749  -3.83894   0.00409 -0.02406 -0.03251  0.06682
4.41922 5.20198 -14.75773 22.33749  -3.83894   0.00409 -0.02406 -0.03251  0.06682
4.36074 5.29099 -14.47792 22.15477  -3.83894   0.00375 -0.03293 -0.03448  0.07082
4.36074 5.29099 -14.47792 22.15477  -3.83894   0.00375 -0.03293 -0.03448  0.07082
4.30342 5.37912 -14.18176 21.89733  -3.83894   0.00330 -0.04278 -0.03650  0.07493
4.30342 5.37912 -14.18176 21.89733  -3.83894   0.00330 -0.04278 -0.03650  0.07493
4.24732 5.46605 -13.86012 21.55022  -3.83894   0.00275 -0.05328 -0.03855  0.07910
4.24732 5.46605 -13.86012 21.55022  -3.83894   0.00275 -0.05328 -0.03855  0.07910
4.19258 5.55138 -13.50403 21.09849  -3.83894   0.00206 -0.06385 -0.04060  0.08327
4.19258 5.55138 -13.50403 21.09849  -3.83894   0.00206 -0.06385 -0.04060  0.08327
4.13935 5.63468 -13.10531 20.52859  -3.83894   0.00124 -0.07367 -0.04261  0.08737
4.13935 5.63468 -13.10531 20.52859  -3.83894   0.00124 -0.07367 -0.04261  0.08737
4.08780 5.71544 -12.65744 19.83019  -3.83894   0.00025 -0.08172 -0.04454  0.09131
4.08780 5.71544 -12.65744 19.83019  -3.83894   0.00025 -0.08172 -0.04454  0.09131
4.03816 5.79314 -12.15642 18.99797  -3.83894  -0.00091 -0.08693 -0.04636  0.09503
4.03816 5.79314 -12.15642 18.99797  -3.83894  -0.00091 -0.08693 -0.04636  0.09503
3.99062 5.86725 -11.60141 18.03305  -3.83894  -0.00227 -0.08837 -0.04803  0.09847
3.99062 5.86725 -11.60141 18.03305  -3.83894  -0.00227 -0.08837 -0.04803  0.09847
3.94542 5.93724 -10.99500 16.94345  -3.83894  -0.00384 -0.08537 -0.04954  0.10162
3.94542 5.93724 -10.99500 16.94345  -3.83894  -0.00384 -0.08537 -0.04954  0.10162
3.90273 6.00265 -10.34289 15.74349  -3.83894  -0.00554 -0.07759 -0.05085  0.10442
3.90273 6.00265 -10.34289 15.74349  -3.83894  -0.00554 -0.07759 -0.05085  0.10442
3.86272 6.06306 -9.65303 14.45203  -3.83894  -0.00722 -0.06528 -0.05192  0.10678
3.86272 6.06306 -9.65303 14.45203  -3.83894  -0.00722 -0.06528 -0.05192  0.10678
3.82554 6.11817 -8.93454 13.09011  -3.83894  -0.00869 -0.04969 -0.05267  0.10851
3.82554 6.11817 -8.93454 13.09011  -3.83894  -0.00869 -0.04969 -0.05267  0.10851
3.79127 6.16772 -8.19648 11.67851  -3.83894  -0.00985 -0.03285 -0.05307  0.10955
3.79127 6.16772 -8.19648 11.67851  -3.83894  -0.00985 -0.03285 -0.05307  0.10955
3.75998 6.21156 -7.44697 10.23580  -3.83894  -0.01070 -0.01666 -0.05318  0.10998
3.75998 6.21156 -7.44697 10.23580  -3.83894  -0.01070 -0.01666 -0.05318  0.10998
3.73170 6.24958 -6.69253 8.77705  -3.83894  -0.01133 -0.00236 -0.05310  0.11001
3.73170 6.24958 -6.69253 8.77705  -3.83894  -0.01133 -0.00236 -0.05310  0.11001
3.70644 6.28177 -5.93789 7.31339  -3.83894  -0.01178  0.00950 -0.05291  0.10982
3.70644 6.28177 -5.93789 7.31339  -3.83894  -0.01178  0.00950 -0.05291  0.10982
3.68420 0.02491 -5.18600 5.85208  -3.83894  -0.01214  0.01882 -0.05270  0.10956
3.68420 0.02491 -5.18600 5.85208  -3.83894  -0.01214  0.01882 -0.05270  0.10956
3.66495 0.04540 -4.43830 4.39698  -3.83894  -0.01243  0.02570 -0.05252  0.10932
3.66495 0.04540 -4.43830 4.39698  -3.83894  -0.01243  0.02570 -0.05252  0.10932
3.64868 0.06009 -3.69498 2.94920  -3.83894  -0.01269  0.03027 -0.05239  0.10918
3.64868 0.06009 -3.69498 2.94920  -3.83894  -0.01269  0.03027 -0.05239  0.10918
3.63538 0.06901 -2.95535 1.50783  -3.83894  -0.01293  0.03261 -0.05234  0.10917
3.63538 0.06901 -2.95535 1.50783  -3.83894  -0.01293  0.03261 -0.05234  0.10917
3.62504 0.07216 -2.21815 0.07061  -3.83894  -0.01312  0.03267 -0.05239  0.10931
3.62504 0.07216 -2.21815 0.07061  -3.83894  -0.01312  0.03267 -0.05239  0.10931
3.61764 0.06957 -1.48186 -1.36542  -3.83894  -0.01323  0.03033 -0.05251  0.10956
3.61764 0.06957 -1.48186 -1.36542  -3.83894  -0.01323  0.03033 -0.05251  0.10956
3.61318 0.06124 -0.74502 -2.80334  -3.83894  -0.01319  0.02543 -0.05268  0.10986
3.61318 0.06124 -0.74502 -2.80334  -3.83894  -0.01319  0.02543 -0.05268  0.10986
3.61168 0.04714 -0.00647 -4.24567  -3.83894  -0.01288  0.01803 -0.05282  0.11004
3.61168 0.04714 -0.00647 -4.24567  -3.83894  -0.01288  0.01803 -0.05282  0.11004
3.61313 0.02726 0.73430 -5.69379  -3.83894  -0.01210  0.00863 -0.05279  0.10974
3.61313 0.02726 0.73430 -5.69379  -3.83894  -0.01210  0.00863 -0.05279  0.10974
3.61756 0.00158 1.47687 -7.14729  -3.83894  -0.01033 -0.00108 -0.05166  0.10705
3.61756 0.00158 1.47687 -7.14729  -3.83894  -0.01033 -0.00108 -0.05166  0.10705
3.62495 6.25327 2.21952 -8.60323  -3.83894  -0.00637 -0.00644 -0.04341  0.08959
3.62495 6.25327 2.21952 -8.60323  -3.83894  -0.00637 -0.00644 -0.04341  0.08959
3.63531 6.21595 2.95894 -10.05553  -3.83894  -0.29983 -0.75287 -2.15499  4.42618
3.63531 6.21595 2.95894 -10.05553  -3.83894  -0.29983 -0.75287 -2.15499  4.42618
3.64861 6.17284 3.68999 -11.49446  -3.83894  0.00000 0.00000 0.00000 0.00000
3.64861 6.17284 3.68999 -11.49446  -3.83894  0.00000 0.00000 0.00000 0.00000
