6.28208 0.00180 -0.55281 0.90043  -5.08578  -0.00728  0.01443  0.03315 -0.05392
6.28208 0.00180 -0.55281 0.90043  -5.08578  -0.00728  0.01443  0.03315 -0.05392
6.27877 0.00720 -1.10491 1.79952  -5.08578  -0.00724  0.01534  0.03313 -0.05387
6.27877 0.00720 -1.10491 1.79952  -5.08578  -0.00724  0.01534  0.03313 -0.05387
6.27325 0.01619 -1.65552 2.69577  -5.08578  -0.00719  0.01665  0.03309 -0.05378
6.27325 0.01619 -1.65552 2.69577  -5.08578  -0.00719  0.01665  0.03309 -0.05378
6.26553 0.02876 -2.20374 3.58738  -5.08578  -0.00712  0.01834  0.03304 -0.05365
6.26553 0.02876 -2.20374 3.58738  -5.08578  -0.00712  0.01834  0.03304 -0.05365
6.25562 0.04488 -2.74844 4.47208  -5.08578  -0.00704  0.02034  0.03296 -0.05346
6.25562 0.04488 -2.74844 4.47208  -5.08578  -0.00704  0.02034  0.03296 -0.05346
6.24355 0.06453 -3.28826 5.34702  -5.08578  -0.00694  0.02259  0.03285 -0.05321
6.24355 0.06453 -3.28826 5.34702  -5.08578  -0.00694  0.02259  0.03285 -0.05321
6.22932 0.08764 -3.82154 6.20867  -5.08578  -0.00682  0.02500  0.03270 -0.05287
6.22932 0.08764 -3.82154 6.20867  -5.08578  -0.00682  0.02500  0.03270 -0.05287
6.21299 0.11417 -4.34631 7.05275  -5.08578  -0.00669  0.02746  0.03252 -0.05244
6.21299 0.11417 -4.34631 7.05275  -5.08578  -0.00669  0.02746  0.03252 -0.05244
6.19457 0.14403 -4.86029 7.87427  -5.08578  -0.00653  0.02986  0.03228 -0.05192
6.19457 0.14403 -4.86029 7.87427  -5.08578  -0.00653  0.02986  0.03228 -0.05192
6.17412 0.17713 -5.36094 8.66758  -5.08578  -0.00636  0.03206  0.03200 -0.05128
6.17412 0.17713 -5.36094 8.66758  -5.08578  -0.00636  0.03206  0.03200 -0.05128
6.15170 0.21333 -5.84554 9.42656  -5.08578  -0.00617  0.03394  0.03167 -0.05053
6.15170 0.21333 -5.84554 9.42656  -5.08578  -0.00617  0.03394  0.03167 -0.05053
6.12738 0.25249 -6.31133 10.14489  -5.08578  -0.00596  0.03537  0.03128 -0.04968
6.12738 0.25249 -6.31133 10.14489  -5.08578  -0.00596  0.03537  0.03128 -0.04968
6.10124 0.29443 -6.75565 10.81633  -5.08578  -0.00574  0.03624  0.03085 -0.04872
6.10124 0.29443 -6.75565 10.81633  -5.08578  -0.00574  0.03624  0.03085 -0.04872
6.07337 0.33895 -7.17614 11.43518  -5.08578  -0.00551  0.03649  0.03038 -0.04766
6.07337 0.33895 -7.17614 11.43518  -5.08578  -0.00551  0.03649  0.03038 -0.04766
6.04387 0.38583 -7.57090 11.99661  -5.08578  -0.00526  0.03608  0.02986 -0.04652
6.04387 0.38583 -7.57090 11.99661  -5.08578  -0.00526  0.03608  0.02986 -0.04652
6.01284 0.43484 -7.93869 12.49700  -5.08578  -0.00500  0.03504  0.02931 -0.04530
6.01284 0.43484 -7.93869 12.49700  -5.08578  -0.00500  0.03504  0.02931 -0.04530
5.98039 0.48572 -8.27899 12.93419  -5.08578  -0.00473  0.03349  0.02873 -0.04400
5.98039 0.48572 -8.27899 12.93419  -5.08578  -0.00473  0.03349  0.02873 -0.04400
5.94664 0.53823 -8.59207 13.30759  -5.08578  -0.00444  0.03181  0.02811 -0.04260
5.94664 0.53823 -8.59207 13.30759  -5.08578  -0.00444  0.03181  0.02811 -0.04260
5.91166 0.59215 -8.91439 13.67200  -5.08578  -0.00415  0.03099  0.02742 -0.04105
5.91166 0.59215 -8.91439 13.67200  -5.84875  -0.00415  0.03099  0.02742 -0.04105
5.87533 0.64757 -9.24505 14.02324  -5.84875  -0.00386  0.02798  0.02675 -0.03951
5.87533 0.64757 -9.24505 14.02324  -5.84875  -0.00386  0.02798  0.02675 -0.03951
5.83773 0.70425 -9.54991 14.30819  -5.84875  -0.00357  0.02478  0.02608 -0.03798
5.83773 0.70425 -9.54991 14.30819  -5.84875  -0.00357  0.02478  0.02608 -0.03798
5.79896 0.76195 -9.83166 14.53077  -5.84875  -0.00329  0.02151  0.02544 -0.03647
5.79896 0.76195 -9.83166 14.53077  -5.84875  -0.00329  0.02151  0.02544 -0.03647
5.75910 0.82042 -10.09341 14.69571  -5.84875  -0.00301  0.01830  0.02481 -0.03499
5.75910 0.82042 -10.09341 14.69571  -5.84875  -0.00301  0.01830  0.02481 -0.03499
5.71823 0.87944 -10.33852 14.80819  -5.84875  -0.00273  0.01523  0.02423 -0.03355
5.71823 0.87944 -10.33852 14.80819  -5.84875  -0.00273  0.01523  0.02423 -0.03355
5.67641 0.93882 -10.57040 14.87353  -5.84875  -0.00246  0.01235  0.02367 -0.03216
5.67641 0.93882 -10.57040 14.87353  -5.84875  -0.00246  0.01235  0.02367 -0.03216
5.63368 0.99838 -10.79244 14.89692  -5.84875  -0.00220  0.00972  0.02316 -0.03082
5.63368 0.99838 -10.79244 14.89692  -5.84875  -0.00220  0.00972  0.02316 -0.03082
5.59008 1.05795 -11.00788 14.88325  -5.84875  -0.00194  0.00735  0.02270 -0.02954
5.59008 1.05795 -11.00788 14.88325  -5.84875  -0.00194  0.00735  0.02270 -0.02954
5.54563 1.11740 -11.21975 14.83696  -5.84875  -0.00171  0.00525  0.02228 -0.02833
5.54563 1.11740 -11.21975 14.83696  -5.84875  -0.00171  0.00525  0.02228 -0.02833
5.50032 1.17661 -11.43085 14.76200  -5.84875  -0.00149  0.00340  0.02192 -0.02718
5.50032 1.17661 -11.43085 14.76200  -5.84875  -0.00149  0.00340  0.02192 -0.02718
5.45418 1.23546 -11.64373 14.66176  -5.84875  -0.00128  0.00178  0.02161 -0.02609
5.45418 1.23546 -11.64373 14.66176  -5.84875  -0.00128  0.00178  0.02161 -0.02609
5.40717 1.29387 -11.86065 14.53910  -5.84875  -0.00109  0.00037  0.02136 -0.02508
5.40717 1.29387 -11.86065 14.53910  -5.84875  -0.00109  0.00037  0.02136 -0.02508
5.35928 1.35175 -12.08365 14.39637  -5.84875  -0.00092 -0.00088  0.02115 -0.02414
5.35928 1.35175 -12.08365 14.39637  -5.84875  -0.00092 -0.00088  0.02115 -0.02414
5.31049 1.40902 -12.31449 14.23545  -5.84875  -0.00075 -0.00198  0.02100 -0.02326
5.31049 1.40902 -12.31449 14.23545  -5.84875  -0.00075 -0.00198  0.02100 -0.02326
5.26075 1.46561 -12.55472 14.05780  -5.84875  -0.00060 -0.00296  0.02090 -0.02244
5.26075 1.46561 -12.55472 14.05780  -5.84875  -0.00060 -0.00296  0.02090 -0.02244
5.21004 1.52146 -12.80565 13.86449  -5.84875  -0.00045 -0.00384  0.02085 -0.02169
5.21004 1.52146 -12.80565 13.86449  -5.84875  -0.00045 -0.00384  0.02085 -0.02169
5.15829 1.57650 -13.06835 13.65627  -5.84875  -0.00031 -0.00465  0.02084 -0.02099
5.15829 1.57650 -13.06835 13.65627  -5.84875  -0.00031 -0.00465  0.02084 -0.02099
5.10547 1.63069 -13.34371 13.43361  -5.84875  -0.00017 -0.00539  0.02087 -0.02034
5.10547 1.63069 -13.34371 13.43361  -5.84875  -0.00017 -0.00539  0.02087 -0.02034
5.05153 1.68395 -13.63237 13.19675  -5.84875  -0.00003 -0.00609  0.02094 -0.01974
5.05153 1.68395 -13.63237 13.19675  -5.84875  -0.00003 -0.00609  0.02094 -0.01974
4.99640 1.73624 -13.93476 12.94575  -5.84875   0.00011 -0.00675  0.02105 -0.01919
4.99640 1.73624 -13.93476 12.94575  -5.84875   0.00011 -0.00675  0.02105 -0.01919
4.94003 1.78750 -14.25109 12.68053  -5.84875   0.00025 -0.00738  0.02119 -0.01869
4.94003 1.78750 -14.25109 12.68053  -5.84875   0.00025 -0.00738  0.02119 -0.01869
4.88237 1.83767 -14.58132 12.40091  -5.84875   0.00039 -0.00798  0.02135 -0.01824
4.88237 1.83767 -14.58132 12.40091  -5.84875   0.00039 -0.00798  0.02135 -0.01824
4.82336 1.88669 -14.92518 12.10665  -5.84875   0.00054 -0.00857  0.02153 -0.01783
4.82336 1.88669 -14.92518 12.10665  -5.84875   0.00054 -0.00857  0.02153 -0.01783
4.76295 1.93450 -15.28216 11.79750  -5.84875   0.00069 -0.00916  0.02173 -0.01745
4.76295 1.93450 -15.28216 11.79750  -5.84875   0.00069 -0.00916  0.02173 -0.01745
4.70109 1.98105 -15.65148 11.47320  -5.84875   0.00085 -0.00974  0.02195 -0.01711
4.70109 1.98105 -15.65148 11.47320  -5.84875   0.00085 -0.00974  0.02195 -0.01711
4.63772 2.02627 -16.03215 11.13358  -5.84875   0.00102 -0.01030  0.02219 -0.01679
4.63772 2.02627 -16.03215 11.13358  -5.84875   0.00102 -0.01030  0.02219 -0.01679
4.57282 2.07010 -16.42290 10.77853  -5.84875   0.00118 -0.01082  0.02253 -0.01643
4.57282 2.07010 -16.42290 10.77853  -5.84875   0.00118 -0.01082  0.02253 -0.01643
4.50633 2.11248 -16.82229 10.40806  -5.84875   0.00136 -0.01109  0.02295 -0.01609
4.50633 2.11248 -16.82229 10.40806  -5.84875   0.00136 -0.01109  0.02295 -0.01609
4.43843 2.15321 -17.02429 9.89124  -5.84875   0.00156 -0.01056  0.02332 -0.01582
4.43843 2.15321 -17.02429 9.89124  -0.65595   0.00156 -0.01056  0.02332 -0.01582
4.37034 2.19149 -17.01830 9.25089  -0.65595   0.00177 -0.01039  0.02372 -0.01557
4.37034 2.19149 -17.01830 9.25089  -0.65595   0.00177 -0.01039  0.02372 -0.01557
4.30230 2.22724 -17.00411 8.62557  -0.65595   0.00197 -0.01027  0.02411 -0.01535
4.30230 2.22724 -17.00411 8.62557  -0.65595   0.00197 -0.01027  0.02411 -0.01535
4.23432 2.26051 -16.98047 8.01533  -0.65595   0.00218 -0.01018  0.02448 -0.01515
4.23432 2.26051 -16.98047 8.01533  -0.65595   0.00218 -0.01018  0.02448 -0.01515
4.16647 2.29138 -16.94647 7.42032  -0.65595   0.00240 -0.01013  0.02482 -0.01498
4.16647 2.29138 -16.94647 7.42032  -0.65595   0.00240 -0.01013  0.02482 -0.01498
4.09877 2.31990 -16.90149 6.84073  -0.65595   0.00261 -0.01012  0.02514 -0.01484
4.09877 2.31990 -16.90149 6.84073  -0.65595   0.00261 -0.01012  0.02514 -0.01484
4.03127 2.34613 -16.84523 6.27678  -0.65595   0.00281 -0.01014  0.02543 -0.01471
4.03127 2.34613 -16.84523 6.27678  -0.65595   0.00281 -0.01014  0.02543 -0.01471
3.96402 2.37013 -16.77765 5.72865  -0.65595   0.00301 -0.01020  0.02570 -0.01459
3.96402 2.37013 -16.77765 5.72865  -0.65595   0.00301 -0.01020  0.02570 -0.01459
3.89706 2.39198 -16.69889 5.19650  -0.65595   0.00321 -0.01029  0.02595 -0.01450
3.89706 2.39198 -16.69889 5.19650  -0.65595   0.00321 -0.01029  0.02595 -0.01450
3.83044 2.41172 -16.60930 4.68042  -0.65595   0.00339 -0.01042  0.02616 -0.01441
3.83044 2.41172 -16.60930 4.68042  -0.65595   0.00339 -0.01042  0.02616 -0.01441
3.76420 2.42944 -16.50935 4.18041  -0.65595   0.00356 -0.01057  0.02635 -0.01434
3.76420 2.42944 -16.50935 4.18041  -0.65595   0.00356 -0.01057  0.02635 -0.01434
3.69838 2.44519 -16.39959 3.69641  -0.65595   0.00371 -0.01074  0.02652 -0.01428
3.69838 2.44519 -16.39959 3.69641  -0.65595   0.00371 -0.01074  0.02652 -0.01428
3.63302 2.45903 -16.28065 3.22827  -0.65595   0.00386 -0.01093  0.02666 -0.01422
3.63302 2.45903 -16.28065 3.22827  -0.65595   0.00386 -0.01093  0.02666 -0.01422
3.56815 2.47104 -16.15316 2.77576  -0.65595   0.00399 -0.01112  0.02678 -0.01418
3.56815 2.47104 -16.15316 2.77576  -0.65595   0.00399 -0.01112  0.02678 -0.01418
3.50380 2.48126 -16.01777 2.33857  -0.65595   0.00411 -0.01132  0.02688 -0.01414
3.50380 2.48126 -16.01777 2.33857  -0.65595   0.00411 -0.01132  0.02688 -0.01414
3.44002 2.48976 -15.87509 1.91630  -0.65595   0.00423 -0.01149  0.02697 -0.01412
3.44002 2.48976 -15.87509 1.91630  -0.65595   0.00423 -0.01149  0.02697 -0.01412
3.37681 2.49661 -15.72569 1.50850  -0.65595   0.00436 -0.01152  0.02706 -0.01412
3.37681 2.49661 -15.72569 1.50850  -0.65595   0.00436 -0.01152  0.02706 -0.01412
3.31422 2.50185 -15.57008 1.11465  -0.65595   0.00450 -0.01103  0.02718 -0.01417
3.31422 2.50185 -15.57008 1.11465  -0.65595   0.00450 -0.01103  0.02718 -0.01417
3.25226 2.50554 -15.40871 0.73418  -0.65595   0.00456 -0.00864  0.02721 -0.01418
3.25226 2.50554 -15.40871 0.73418  -0.65595   0.00456 -0.00864  0.02721 -0.01418
3.19192 2.50728 -14.75803 0.13837  4.65066   0.00461 -0.00834  0.02721 -0.01420
3.19192 2.50728 -14.75803 0.13837  4.65066   0.00461 -0.00834  0.02721 -0.01420
3.13420 2.50670 -14.10282 -0.42452  4.65066   0.00465 -0.00800  0.02719 -0.01424
3.13420 2.50670 -14.10282 -0.42452  4.65066   0.00465 -0.00800  0.02719 -0.01424
3.07911 2.50392 -13.44499 -0.95640  4.65066   0.00467 -0.00762  0.02714 -0.01428
3.07911 2.50392 -13.44499 -0.95640  4.65066   0.00467 -0.00762  0.02714 -0.01428
3.02664 2.49908 -12.78629 -1.45908  4.65066   0.00467 -0.00720  0.02706 -0.01433
3.02664 2.49908 -12.78629 -1.45908  4.65066   0.00467 -0.00720  0.02706 -0.01433
2.97681 2.49229 -12.12832 -1.93427  4.65066   0.00467 -0.00674  0.02697 -0.01439
2.97681 2.49229 -12.12832 -1.93427  4.65066   0.00467 -0.00674  0.02697 -0.01439
2.92961 2.48364 -11.47255 -2.38355  4.65066   0.00465 -0.00626  0.02685 -0.01446
2.92961 2.48364 -11.47255 -2.38355  4.65066   0.00465 -0.00626  0.02685 -0.01446
2.88503 2.47325 -10.82036 -2.80842  4.65066   0.00462 -0.00575  0.02672 -0.01453
2.88503 2.47325 -10.82036 -2.80842  4.65066   0.00462 -0.00575  0.02672 -0.01453
2.84304 2.46121 -10.17303 -3.21027  4.65066   0.00459 -0.00522  0.02656 -0.01461
2.84304 2.46121 -10.17303 -3.21027  4.65066   0.00459 -0.00522  0.02656 -0.01461
2.80364 2.44760 -9.53180 -3.59045  4.65066   0.00454 -0.00468  0.02639 -0.01470
2.80364 2.44760 -9.53180 -3.59045  4.65066   0.00454 -0.00468  0.02639 -0.01470
2.76678 2.43251 -8.89778 -3.95021  4.65066   0.00449 -0.00415  0.02620 -0.01479
2.76678 2.43251 -8.89778 -3.95021  4.65066   0.00449 -0.00415  0.02620 -0.01479
2.73244 2.41602 -8.27206 -4.29076  4.65066   0.00443 -0.00362  0.02600 -0.01489
2.73244 2.41602 -8.27206 -4.29076  4.65066   0.00443 -0.00362  0.02600 -0.01489
2.70059 2.39821 -7.65564 -4.61327  4.65066   0.00436 -0.00311  0.02579 -0.01500
2.70059 2.39821 -7.65564 -4.61327  4.65066   0.00436 -0.00311  0.02579 -0.01500
2.67118 2.37914 -7.04944 -4.91887  4.65066   0.00429 -0.00262  0.02557 -0.01511
2.67118 2.37914 -7.04944 -4.91887  4.65066   0.00429 -0.00262  0.02557 -0.01511
2.64418 2.35888 -6.45430 -5.20867  4.65066   0.00422 -0.00216  0.02533 -0.01523
2.64418 2.35888 -6.45430 -5.20867  4.65066   0.00422 -0.00216  0.02533 -0.01523
2.61953 2.33749 -5.87097 -5.48376  4.65066   0.00414 -0.00174  0.02509 -0.01536
2.61953 2.33749 -5.87097 -5.48376  4.65066   0.00414 -0.00174  0.02509 -0.01536
2.59720 2.31503 -5.30012 -5.74524  4.65066   0.00407 -0.00135  0.02485 -0.01550
2.59720 2.31503 -5.30012 -5.74524  4.65066   0.00407 -0.00135  0.02485 -0.01550
2.57712 2.29154 -4.74230 -5.99417  4.65066   0.00399 -0.00101  0.02460 -0.01564
2.57712 2.29154 -4.74230 -5.99417  4.65066   0.00399 -0.00101  0.02460 -0.01564
2.55924 2.26709 -4.19796 -6.23166  4.65066   0.00392 -0.00072  0.02435 -0.01579
2.55924 2.26709 -4.19796 -6.23166  4.65066   0.00392 -0.00072  0.02435 -0.01579
2.54351 2.24170 -3.66744 -6.45877  4.65066   0.00385 -0.00047  0.02411 -0.01596
2.54351 2.24170 -3.66744 -6.45877  4.65066   0.00385 -0.00047  0.02411 -0.01596
2.52988 2.21543 -3.15097 -6.67659  4.65066   0.00378 -0.00027  0.02386 -0.01613
2.52988 2.21543 -3.15097 -6.67659  4.65066   0.00378 -0.00027  0.02386 -0.01613
2.51829 2.18830 -2.64866 -6.88623  4.65066   0.00371 -0.00011  0.02362 -0.01631
2.51829 2.18830 -2.64866 -6.88623  4.65066   0.00371 -0.00011  0.02362 -0.01631
2.50867 2.16035 -2.16051 -7.08877  4.65066   0.00364  0.00000  0.02338 -0.01651
2.50867 2.16035 -2.16051 -7.08877  4.65066   0.00364  0.00000  0.02338 -0.01651
2.50098 2.13160 -1.68643 -7.28533  4.65066   0.00358  0.00007  0.02315 -0.01672
2.50098 2.13160 -1.68643 -7.28533  4.65066   0.00358  0.00007  0.02315 -0.01672
2.49516 2.10207 -1.22620 -7.47702  4.65066   0.00353  0.00010  0.02292 -0.01694
2.49516 2.10207 -1.22620 -7.47702  4.65066   0.00353  0.00010  0.02292 -0.01694
2.49116 2.07179 -0.77953 -7.66497  4.65066   0.00348  0.00008  0.02271 -0.01717
2.49116 2.07179 -0.77953 -7.66497  4.65066   0.00348  0.00008  0.02271 -0.01717
2.48891 2.04076 -0.34600 -7.85030  4.65066   0.00343  0.00003  0.02250 -0.01742
2.48891 2.04076 -0.34600 -7.85030  4.65066   0.00343  0.00003  0.02250 -0.01742
2.48837 2.00899 0.07486 -8.03417  4.65066   0.00339 -0.00006  0.02231 -0.01769
2.48837 2.00899 0.07486 -8.03417  4.65066   0.00339 -0.00006  0.02231 -0.01769
2.48949 1.97648 0.48361 -8.21773  4.65066   0.00335 -0.00019  0.02213 -0.01797
2.48949 1.97648 0.48361 -8.21773  4.65066   0.00335 -0.00019  0.02213 -0.01797
2.49223 1.94325 0.88090 -8.40216  4.65066   0.00332 -0.00035  0.02196 -0.01827
2.49223 1.94325 0.88090 -8.40216  4.65066   0.00332 -0.00035  0.02196 -0.01827
2.49653 1.90926 1.26743 -8.58866  4.65066   0.00329 -0.00054  0.02181 -0.01859
2.49653 1.90926 1.26743 -8.58866  4.65066   0.00329 -0.00054  0.02181 -0.01859
2.50235 1.87453 1.64397 -8.77845  4.65066   0.00327 -0.00077  0.02167 -0.01893
2.50235 1.87453 1.64397 -8.77845  4.65066   0.00327 -0.00077  0.02167 -0.01893
2.50966 1.83903 2.01134 -8.97281  4.65066   0.00326 -0.00103  0.02155 -0.01929
2.50966 1.83903 2.01134 -8.97281  4.65066   0.00326 -0.00103  0.02155 -0.01929
2.51843 1.80274 2.37044 -9.17303  4.65066   0.00325 -0.00131  0.02144 -0.01968
2.51843 1.80274 2.37044 -9.17303  4.65066   0.00325 -0.00131  0.02144 -0.01968
2.52862 1.76564 2.72220 -9.38048  4.65066   0.00325 -0.00164  0.02136 -0.02009
2.52862 1.76564 2.72220 -9.38048  4.65066   0.00325 -0.00164  0.02136 -0.02009
2.54020 1.72769 3.06761 -9.59657  4.65066   0.00325 -0.00199  0.02129 -0.02053
2.54020 1.72769 3.06761 -9.59657  4.65066   0.00325 -0.00199  0.02129 -0.02053
2.55315 1.68885 3.40772 -9.82281  4.65066   0.00327 -0.00238  0.02125 -0.02100
2.55315 1.68885 3.40772 -9.82281  4.65066   0.00327 -0.00238  0.02125 -0.02100
2.56746 1.64909 3.74366 -10.06079  4.65066   0.00329 -0.00281  0.02122 -0.02151
2.56746 1.64909 3.74366 -10.06079  4.65066   0.00329 -0.00281  0.02122 -0.02151
2.58310 1.60835 4.07658 -10.31221  4.65066   0.00332 -0.00327  0.02123 -0.02205
2.58310 1.60835 4.07658 -10.31221  4.65066   0.00332 -0.00327  0.02123 -0.02205
2.60007 1.56657 4.40773 -10.57891  4.65066   0.00336 -0.00378  0.02126 -0.02263
2.60007 1.56657 4.40773 -10.57891  4.65066   0.00336 -0.00378  0.02126 -0.02263
2.61836 1.52369 4.73844 -10.86288  4.65066   0.00341 -0.00434  0.02131 -0.02326
2.61836 1.52369 4.73844 -10.86288  4.65066   0.00341 -0.00434  0.02131 -0.02326
2.63798 1.47964 5.07012 -11.16629  4.65066   0.00348 -0.00494  0.02140 -0.02394
2.63798 1.47964 5.07012 -11.16629  4.65066   0.00348 -0.00494  0.02140 -0.02394
2.65892 1.43433 5.40429 -11.49153  4.65066   0.00356 -0.00559  0.02152 -0.02468
2.65892 1.43433 5.40429 -11.49153  4.65066   0.00356 -0.00559  0.02152 -0.02468
2.68122 1.38768 5.74260 -11.84121  4.65066   0.00367 -0.00624  0.02168 -0.02549
2.68122 1.38768 5.74260 -11.84121  4.65066   0.00367 -0.00624  0.02168 -0.02549
2.70487 1.33957 6.08681 -12.21826  4.65066   0.00379 -0.00674  0.02188 -0.02640
2.70487 1.33957 6.08681 -12.21826  4.65066   0.00379 -0.00674  0.02188 -0.02640
2.72992 1.28989 6.43888 -12.62591  4.65066   0.00390 -0.00660  0.02214 -0.02743
2.72992 1.28989 6.43888 -12.62591  4.65066   0.00390 -0.00660  0.02214 -0.02743
2.75640 1.23851 6.80091 -13.06775  4.65066   0.00396 -0.00431  0.02242 -0.02846
2.75640 1.23851 6.80091 -13.06775  4.65066   0.00396 -0.00431  0.02242 -0.02846
2.78407 1.18563 6.90163 -13.20939  4.65066   0.00399  0.00407  0.02268 -0.02936
2.78407 1.18563 6.90163 -13.20939  -2.74573   0.00399  0.00407  0.02268 -0.02936
2.81134 1.13318 6.73113 -13.01331  -2.74573   0.00417  0.00480  0.02300 -0.03047
2.81134 1.13318 6.73113 -13.01331  -2.74573   0.00417  0.00480  0.02300 -0.03047
2.83792 1.08154 6.55840 -12.80370  -2.74573   0.00436  0.00556  0.02336 -0.03164
2.83792 1.08154 6.55840 -12.80370  -2.74573   0.00436  0.00556  0.02336 -0.03164
2.86380 1.03077 6.38238 -12.57939  -2.74573   0.00455  0.00633  0.02375 -0.03284
2.86380 1.03077 6.38238 -12.57939  -2.74573   0.00455  0.00633  0.02375 -0.03284
2.88897 0.98093 6.20209 -12.33926  -2.74573   0.00475  0.00710  0.02417 -0.03406
2.88897 0.98093 6.20209 -12.33926  -2.74573   0.00475  0.00710  0.02417 -0.03406
2.91341 0.93208 6.01662 -12.08230  -2.74573   0.00496  0.00785  0.02462 -0.03531
2.91341 0.93208 6.01662 -12.08230  -2.74573   0.00496  0.00785  0.02462 -0.03531
2.93710 0.88430 5.82516 -11.80761  -2.74573   0.00517  0.00856  0.02508 -0.03656
2.93710 0.88430 5.82516 -11.80761  -2.74573   0.00517  0.00856  0.02508 -0.03656
2.96000 0.83765 5.62704 -11.51443  -2.74573   0.00538  0.00921  0.02556 -0.03781
2.96000 0.83765 5.62704 -11.51443  -2.74573   0.00538  0.00921  0.02556 -0.03781
2.98210 0.79221 5.42166 -11.20222  -2.74573   0.00560  0.00978  0.02605 -0.03905
2.98210 0.79221 5.42166 -11.20222  -2.74573   0.00560  0.00978  0.02605 -0.03905
3.00336 0.74805 5.20861 -10.87067  -2.74573   0.00581  0.01024  0.02654 -0.04026
3.00336 0.74805 5.20861 -10.87067  -2.74573   0.00581  0.01024  0.02654 -0.04026
3.02376 0.70527 4.98760 -10.51971  -2.74573   0.00601  0.01061  0.02703 -0.04145
3.02376 0.70527 4.98760 -10.51971  -2.74573   0.00601  0.01061  0.02703 -0.04145
3.04325 0.66392 4.75851 -10.14955  -2.74573   0.00621  0.01097  0.02751 -0.04258
3.04325 0.66392 4.75851 -10.14955  -2.74573   0.00621  0.01097  0.02751 -0.04258
3.06182 0.62409 4.52138 -9.76067  -2.74573   0.00641  0.01160  0.02799 -0.04369
3.06182 0.62409 4.52138 -9.76067  -2.74573   0.00641  0.01160  0.02799 -0.04369
3.07937 0.58593 4.25269 -9.31776  -3.00000   0.00661  0.01136  0.02844 -0.04474
3.07937 0.58593 4.25269 -9.31776  -3.00000   0.00661  0.01136  0.02844 -0.04474
3.09583 0.54958 3.97571 -8.85621  -3.00000   0.00679  0.01092  0.02888 -0.04572
3.09583 0.54958 3.97571 -8.85621  -3.00000   0.00679  0.01092  0.02888 -0.04572
3.11116 0.51510 3.69097 -8.37742  -3.00000   0.00696  0.01027  0.02930 -0.04663
3.11116 0.51510 3.69097 -8.37742  -3.00000   0.00696  0.01027  0.02930 -0.04663
3.12535 0.48258 3.39906 -7.88296  -3.00000   0.00711  0.00944  0.02968 -0.04747
3.12535 0.48258 3.39906 -7.88296  -3.00000   0.00711  0.00944  0.02968 -0.04747
3.13835 0.45206 3.10068 -7.37454  -3.00000   0.00724  0.00846  0.03004 -0.04822
3.13835 0.45206 3.10068 -7.37454  -3.00000   0.00724  0.00846  0.03004 -0.04822
3.15014 0.42360 2.79656 -6.85389  -3.00000   0.00735  0.00736  0.03036 -0.04890
3.15014 0.42360 2.79656 -6.85389  -3.00000   0.00735  0.00736  0.03036 -0.04890
3.16071 0.39724 2.48744 -6.32274  -3.00000   0.00744  0.00618  0.03065 -0.04949
3.16071 0.39724 2.48744 -6.32274  -3.00000   0.00744  0.00618  0.03065 -0.04949
3.17004 0.37303 2.17404 -5.78277  -3.00000   0.00752  0.00497  0.03090 -0.05001
3.17004 0.37303 2.17404 -5.78277  -3.00000   0.00752  0.00497  0.03090 -0.05001
3.17810 0.35099 1.85703 -5.23553  -3.00000   0.00757  0.00377  0.03113 -0.05045
3.17810 0.35099 1.85703 -5.23553  -3.00000   0.00757  0.00377  0.03113 -0.05045
3.18489 0.33115 1.53703 -4.68244  -3.00000   0.00762  0.00261  0.03132 -0.05082
3.18489 0.33115 1.53703 -4.68244  -3.00000   0.00762  0.00261  0.03132 -0.05082
3.19039 0.31354 1.21457 -4.12473  -3.00000   0.00765  0.00153  0.03148 -0.05113
3.19039 0.31354 1.21457 -4.12473  -3.00000   0.00765  0.00153  0.03148 -0.05113
3.19460 0.29816 0.89013 -3.56348  -3.00000   0.00768  0.00056  0.03161 -0.05139
3.19460 0.29816 0.89013 -3.56348  -3.00000   0.00768  0.00056  0.03161 -0.05139
3.19751 0.28503 0.56406 -2.99955  -3.00000   0.00770 -0.00028  0.03172 -0.05159
3.19751 0.28503 0.56406 -2.99955  -3.00000   0.00770 -0.00028  0.03172 -0.05159
3.19911 0.27417 0.23667 -2.43367  -3.00000   0.00772 -0.00096  0.03180 -0.05173
3.19911 0.27417 0.23667 -2.43367  -3.00000   0.00772 -0.00096  0.03180 -0.05173
3.19940 0.26556 -0.09183 -1.86638  -3.00000   0.00774 -0.00149  0.03186 -0.05184
3.19940 0.26556 -0.09183 -1.86638  -3.00000   0.00774 -0.00149  0.03186 -0.05184
3.19838 0.25924 -0.42128 -1.29810  -3.00000   0.00777 -0.00183  0.03190 -0.05190
3.19838 0.25924 -0.42128 -1.29810  -3.00000   0.00777 -0.00183  0.03190 -0.05190
3.19603 0.25518 -0.75159 -0.72917  -3.00000   0.00778 -0.00200  0.03191 -0.05192
3.19603 0.25518 -0.75159 -0.72917  -3.00000   0.00778 -0.00200  0.03191 -0.05192
3.19236 0.25340 -1.08268 -0.15982  -3.00000   0.00780 -0.00197  0.03191 -0.05191
3.19236 0.25340 -1.08268 -0.15982  -3.00000   0.00780 -0.00197  0.03191 -0.05191
3.18737 0.25390 -1.41451 0.40972  -3.00000   0.00778 -0.00176  0.03188 -0.05185
3.18737 0.25390 -1.41451 0.40972  -3.00000   0.00778 -0.00176  0.03188 -0.05185
3.18105 0.25668 -1.74705 0.97923  -3.00000   0.00768 -0.00137  0.03183 -0.05173
3.18105 0.25668 -1.74705 0.97923  -3.00000   0.00768 -0.00137  0.03183 -0.05173
3.17339 0.26174 -2.08026 1.54847  -3.00000   0.00735 -0.00084  0.03166 -0.05141
3.17339 0.26174 -2.08026 1.54847  -3.00000   0.00735 -0.00084  0.03166 -0.05141
3.16440 0.26907 -2.41406 2.11711  -3.00000   0.00642 -0.00025  0.03083 -0.04999
3.16440 0.26907 -2.41406 2.11711  -3.00000   0.00642 -0.00025  0.03083 -0.04999
3.15408 0.27867 -2.74836 2.68472  -3.00000   0.00403  0.00017  0.02570 -0.04156
3.15408 0.27867 -2.74836 2.68472  -3.00000   0.00403  0.00017  0.02570 -0.04156
3.14242 0.29054 -3.08299 3.25075  -3.00000   0.83800  0.14113  5.35851 -8.65286
3.14242 0.29054 -3.08299 3.25075  -3.00000   0.83800  0.14113  5.35851 -8.65286
3.12942 0.30467 -3.41774 3.81446  -3.00000  0.00000 0.00000 0.00000 0.00000
3.12942 0.30467 -3.41774 3.81446  -3.00000  0.00000 0.00000 0.00000 0.00000