6.28208 0.00180 -0.55281 0.90043  -5.08578  -0.00727  0.01480  0.03314 -0.05390
6.28208 0.00180 -0.55281 0.90043  -5.08578  -0.00727  0.01480  0.03314 -0.05390
6.27876 0.00720 -1.10491 1.79951  -5.08578  -0.00723  0.01571  0.03312 -0.05384
6.27876 0.00720 -1.10491 1.79951  -5.08578  -0.00723  0.01571  0.03312 -0.05384
6.27324 0.01619 -1.65552 2.69577  -5.08578  -0.00717  0.01703  0.03308 -0.05375
6.27324 0.01619 -1.65552 2.69577  -5.08578  -0.00717  0.01703  0.03308 -0.05375
6.26552 0.02876 -2.20373 3.58738  -5.08578  -0.00711  0.01871  0.03302 -0.05361
6.26552 0.02876 -2.20373 3.58738  -5.08578  -0.00711  0.01871  0.03302 -0.05361
6.25562 0.04488 -2.74843 4.47208  -5.08578  -0.00702  0.02070  0.03294 -0.05341
6.25562 0.04488 -2.74843 4.47208  -5.08578  -0.00702  0.02070  0.03294 -0.05341
6.24354 0.06453 -3.28825 5.34702  -5.08578  -0.00692  0.02293  0.03282 -0.05314
6.24354 0.06453 -3.28825 5.34702  -5.08578  -0.00692  0.02293  0.03282 -0.05314
6.22932 0.08764 -3.82154 6.20866  -5.08578  -0.00680  0.02531  0.03267 -0.05279
6.22932 0.08764 -3.82154 6.20866  -5.08578  -0.00680  0.02531  0.03267 -0.05279
6.21298 0.11417 -4.34631 7.05274  -5.08578  -0.00666  0.02773  0.03247 -0.05234
6.21298 0.11417 -4.34631 7.05274  -5.08578  -0.00666  0.02773  0.03247 -0.05234
6.19456 0.14403 -4.86029 7.87426  -5.08578  -0.00651  0.03007  0.03223 -0.05179
6.19456 0.14403 -4.86029 7.87426  -5.08578  -0.00651  0.03007  0.03223 -0.05179
6.17412 0.17713 -5.36094 8.66757  -5.08578  -0.00633  0.03221  0.03193 -0.05113
6.17412 0.17713 -5.36094 8.66757  -5.08578  -0.00633  0.03221  0.03193 -0.05113
6.15170 0.21333 -5.84554 9.42656  -5.08578  -0.00614  0.03399  0.03159 -0.05035
6.15170 0.21333 -5.84554 9.42656  -5.08578  -0.00614  0.03399  0.03159 -0.05035
6.12738 0.25249 -6.31133 10.14488  -5.08578  -0.00593  0.03531  0.03119 -0.04947
6.12738 0.25249 -6.31133 10.14488  -5.08578  -0.00593  0.03531  0.03119 -0.04947
6.10124 0.29442 -6.75564 10.81632  -5.08578  -0.00570  0.03605  0.03074 -0.04847
6.10124 0.29442 -6.75564 10.81632  -5.08578  -0.00570  0.03605  0.03074 -0.04847
6.07336 0.33895 -7.17613 11.43517  -5.08578  -0.00547  0.03617  0.03025 -0.04739
6.07336 0.33895 -7.17613 11.43517  -5.08578  -0.00547  0.03617  0.03025 -0.04739
6.04386 0.38583 -7.57090 11.99660  -5.08578  -0.00522  0.03564  0.02973 -0.04623
6.04386 0.38583 -7.57090 11.99660  -5.08578  -0.00522  0.03564  0.02973 -0.04623
6.01283 0.43484 -7.93869 12.49699  -5.08578  -0.00496  0.03448  0.02917 -0.04499
6.01283 0.43484 -7.93869 12.49699  -5.08578  -0.00496  0.03448  0.02917 -0.04499
5.98039 0.48572 -8.27899 12.93418  -5.08578  -0.00469  0.03283  0.02858 -0.04365
5.98039 0.48572 -8.27899 12.93418  -5.08578  -0.00469  0.03283  0.02858 -0.04365
5.94664 0.53823 -8.59207 13.30758  -5.08578  -0.00441  0.03114  0.02797 -0.04227
5.94664 0.53823 -8.59207 13.30758  -5.08578  -0.00441  0.03114  0.02797 -0.04227
5.91165 0.59215 -8.91439 13.67199  -5.08578  -0.00411  0.03021  0.02727 -0.04069
5.91165 0.59215 -8.91439 13.67199  -5.84875  -0.00411  0.03021  0.02727 -0.04069
5.87532 0.64757 -9.24505 14.02323  -5.84875  -0.00382  0.02725  0.02661 -0.03918
5.87532 0.64757 -9.24505 14.02323  -5.84875  -0.00382  0.02725  0.02661 -0.03918
5.83772 0.70425 -9.54990 14.30819  -5.84875  -0.00354  0.02411  0.02596 -0.03768
5.83772 0.70425 -9.54990 14.30819  -5.84875  -0.00354  0.02411  0.02596 -0.03768
5.79895 0.76195 -9.83165 14.53077  -5.84875  -0.00326  0.02094  0.02533 -0.03620
5.79895 0.76195 -9.83165 14.53077  -5.84875  -0.00326  0.02094  0.02533 -0.03620
5.75910 0.82042 -10.09341 14.69571  -5.84875  -0.00298  0.01784  0.02473 -0.03476
5.75910 0.82042 -10.09341 14.69571  -5.84875  -0.00298  0.01784  0.02473 -0.03476
5.71823 0.87944 -10.33852 14.80819  -5.84875  -0.00271  0.01487  0.02416 -0.03337
5.71823 0.87944 -10.33852 14.80819  -5.84875  -0.00271  0.01487  0.02416 -0.03337
5.67641 0.93882 -10.57040 14.87353  -5.84875  -0.00244  0.01209  0.02362 -0.03202
5.67641 0.93882 -10.57040 14.87353  -5.84875  -0.00244  0.01209  0.02362 -0.03202
5.63368 0.99838 -10.79244 14.89692  -5.84875  -0.00218  0.00954  0.02313 -0.03071
5.63368 0.99838 -10.79244 14.89692  -5.84875  -0.00218  0.00954  0.02313 -0.03071
5.59008 1.05795 -11.00788 14.88325  -5.84875  -0.00193  0.00724  0.02268 -0.02946
5.59008 1.05795 -11.00788 14.88325  -5.84875  -0.00193  0.00724  0.02268 -0.02946
5.54562 1.11740 -11.21975 14.83696  -5.84875  -0.00169  0.00519  0.02227 -0.02828
5.54562 1.11740 -11.21975 14.83696  -5.84875  -0.00169  0.00519  0.02227 -0.02828
5.50032 1.17660 -11.43085 14.76200  -5.84875  -0.00147  0.00338  0.02192 -0.02715
5.50032 1.17660 -11.43085 14.76200  -5.84875  -0.00147  0.00338  0.02192 -0.02715
5.45417 1.23546 -11.64373 14.66176  -5.84875  -0.00127  0.00179  0.02161 -0.02609
5.45417 1.23546 -11.64373 14.66176  -5.84875  -0.00127  0.00179  0.02161 -0.02609
5.40717 1.29387 -11.86065 14.53910  -5.84875  -0.00108  0.00040  0.02136 -0.02510
5.40717 1.29387 -11.86065 14.53910  -5.84875  -0.00108  0.00040  0.02136 -0.02510
5.35928 1.35175 -12.08365 14.39637  -5.84875  -0.00090 -0.00083  0.02116 -0.02417
5.35928 1.35175 -12.08365 14.39637  -5.84875  -0.00090 -0.00083  0.02116 -0.02417
5.31049 1.40902 -12.31449 14.23546  -5.84875  -0.00073 -0.00192  0.02101 -0.02330
5.31049 1.40902 -12.31449 14.23546  -5.84875  -0.00073 -0.00192  0.02101 -0.02330
5.26075 1.46561 -12.55472 14.05781  -5.84875  -0.00058 -0.00290  0.02090 -0.02249
5.26075 1.46561 -12.55472 14.05781  -5.84875  -0.00058 -0.00290  0.02090 -0.02249
5.21003 1.52146 -12.80565 13.86450  -5.84875  -0.00043 -0.00378  0.02084 -0.02174
5.21003 1.52146 -12.80565 13.86450  -5.84875  -0.00043 -0.00378  0.02084 -0.02174
5.15829 1.57650 -13.06835 13.65627  -5.84875  -0.00029 -0.00459  0.02083 -0.02105
5.15829 1.57650 -13.06835 13.65627  -5.84875  -0.00029 -0.00459  0.02083 -0.02105
5.10547 1.63069 -13.34371 13.43361  -5.84875  -0.00015 -0.00533  0.02086 -0.02041
5.10547 1.63069 -13.34371 13.43361  -5.84875  -0.00015 -0.00533  0.02086 -0.02041
5.05152 1.68395 -13.63237 13.19675  -5.84875  -0.00001 -0.00603  0.02092 -0.01982
5.05152 1.68395 -13.63237 13.19675  -5.84875  -0.00001 -0.00603  0.02092 -0.01982
4.99639 1.73624 -13.93477 12.94576  -5.84875   0.00013 -0.00670  0.02102 -0.01927
4.99639 1.73624 -13.93477 12.94576  -5.84875   0.00013 -0.00670  0.02102 -0.01927
4.94003 1.78750 -14.25109 12.68054  -5.84875   0.00026 -0.00733  0.02115 -0.01877
4.94003 1.78750 -14.25109 12.68054  -5.84875   0.00026 -0.00733  0.02115 -0.01877
4.88236 1.83767 -14.58132 12.40092  -5.84875   0.00041 -0.00795  0.02131 -0.01830
4.88236 1.83767 -14.58132 12.40092  -5.84875   0.00041 -0.00795  0.02131 -0.01830
4.82336 1.88669 -14.92519 12.10666  -5.84875   0.00055 -0.00855  0.02150 -0.01788
4.82336 1.88669 -14.92519 12.10666  -5.84875   0.00055 -0.00855  0.02150 -0.01788
4.76295 1.93450 -15.28216 11.79750  -5.84875   0.00070 -0.00914  0.02170 -0.01750
4.76295 1.93450 -15.28216 11.79750  -5.84875   0.00070 -0.00914  0.02170 -0.01750
4.70108 1.98105 -15.65149 11.47321  -5.84875   0.00085 -0.00972  0.02192 -0.01714
4.70108 1.98105 -15.65149 11.47321  -5.84875   0.00085 -0.00972  0.02192 -0.01714
4.63772 2.02627 -16.03215 11.13359  -5.84875   0.00102 -0.01029  0.02215 -0.01682
4.63772 2.02627 -16.03215 11.13359  -5.84875   0.00102 -0.01029  0.02215 -0.01682
4.57281 2.07010 -16.42291 10.77854  -5.84875   0.00119 -0.01080  0.02244 -0.01650
4.57281 2.07010 -16.42291 10.77854  -5.84875   0.00119 -0.01080  0.02244 -0.01650
4.50632 2.11248 -16.82229 10.40807  -5.84875   0.00138 -0.01111  0.02279 -0.01620
4.50632 2.11248 -16.82229 10.40807  -5.84875   0.00138 -0.01111  0.02279 -0.01620
4.43843 2.15321 -17.02429 9.89125  -5.84875   0.00158 -0.01070  0.02310 -0.01597
4.43843 2.15321 -17.02429 9.89125  -0.65595   0.00158 -0.01070  0.02310 -0.01597
4.37034 2.19149 -17.01830 9.25089  -0.65595   0.00178 -0.01054  0.02348 -0.01572
4.37034 2.19149 -17.01830 9.25089  -0.65595   0.00178 -0.01054  0.02348 -0.01572
4.30229 2.22724 -17.00412 8.62557  -0.65595   0.00198 -0.01040  0.02388 -0.01547
4.30229 2.22724 -17.00412 8.62557  -0.65595   0.00198 -0.01040  0.02388 -0.01547
4.23432 2.26051 -16.98048 8.01533  -0.65595   0.00219 -0.01031  0.02425 -0.01527
4.23432 2.26051 -16.98048 8.01533  -0.65595   0.00219 -0.01031  0.02425 -0.01527
4.16646 2.29138 -16.94647 7.42032  -0.65595   0.00240 -0.01025  0.02461 -0.01508
4.16646 2.29138 -16.94647 7.42032  -0.65595   0.00240 -0.01025  0.02461 -0.01508
4.09876 2.31990 -16.90149 6.84073  -0.65595   0.00260 -0.01023  0.02494 -0.01492
4.09876 2.31990 -16.90149 6.84073  -0.65595   0.00260 -0.01023  0.02494 -0.01492
4.03127 2.34613 -16.84524 6.27678  -0.65595   0.00281 -0.01023  0.02526 -0.01478
4.03127 2.34613 -16.84524 6.27678  -0.65595   0.00281 -0.01023  0.02526 -0.01478
3.96402 2.37013 -16.77765 5.72866  -0.65595   0.00301 -0.01028  0.02554 -0.01466
3.96402 2.37013 -16.77765 5.72866  -0.65595   0.00301 -0.01028  0.02554 -0.01466
3.89706 2.39198 -16.69889 5.19651  -0.65595   0.00320 -0.01036  0.02580 -0.01455
3.89706 2.39198 -16.69889 5.19651  -0.65595   0.00320 -0.01036  0.02580 -0.01455
3.83044 2.41172 -16.60930 4.68042  -0.65595   0.00338 -0.01047  0.02604 -0.01446
3.83044 2.41172 -16.60930 4.68042  -0.65595   0.00338 -0.01047  0.02604 -0.01446
3.76420 2.42944 -16.50935 4.18041  -0.65595   0.00355 -0.01060  0.02625 -0.01438
3.76420 2.42944 -16.50935 4.18041  -0.65595   0.00355 -0.01060  0.02625 -0.01438
3.69838 2.44519 -16.39959 3.69641  -0.65595   0.00371 -0.01076  0.02643 -0.01431
3.69838 2.44519 -16.39959 3.69641  -0.65595   0.00371 -0.01076  0.02643 -0.01431
3.63301 2.45903 -16.28065 3.22827  -0.65595   0.00385 -0.01094  0.02658 -0.01425
3.63301 2.45903 -16.28065 3.22827  -0.65595   0.00385 -0.01094  0.02658 -0.01425
3.56814 2.47104 -16.15316 2.77576  -0.65595   0.00399 -0.01113  0.02671 -0.01420
3.56814 2.47104 -16.15316 2.77576  -0.65595   0.00399 -0.01113  0.02671 -0.01420
3.50380 2.48126 -16.01777 2.33857  -0.65595   0.00411 -0.01133  0.02683 -0.01416
3.50380 2.48126 -16.01777 2.33857  -0.65595   0.00411 -0.01133  0.02683 -0.01416
3.44001 2.48976 -15.87509 1.91630  -0.65595   0.00423 -0.01149  0.02692 -0.01413
3.44001 2.48976 -15.87509 1.91630  -0.65595   0.00423 -0.01149  0.02692 -0.01413
3.37681 2.49661 -15.72569 1.50850  -0.65595   0.00436 -0.01152  0.02702 -0.01413
3.37681 2.49661 -15.72569 1.50850  -0.65595   0.00436 -0.01152  0.02702 -0.01413
3.31421 2.50185 -15.57008 1.11465  -0.65595   0.00449 -0.01103  0.02714 -0.01418
3.31421 2.50185 -15.57008 1.11465  -0.65595   0.00449 -0.01103  0.02714 -0.01418
3.25226 2.50554 -15.40871 0.73418  -0.65595   0.00456 -0.00864  0.02717 -0.01419
3.25226 2.50554 -15.40871 0.73418  -0.65595   0.00456 -0.00864  0.02717 -0.01419
3.19192 2.50728 -14.75802 0.13837  4.65066   0.00461 -0.00834  0.02718 -0.01422
3.19192 2.50728 -14.75802 0.13837  4.65066   0.00461 -0.00834  0.02718 -0.01422
3.13420 2.50670 -14.10281 -0.42452  4.65066   0.00465 -0.00799  0.02716 -0.01425
3.13420 2.50670 -14.10281 -0.42452  4.65066   0.00465 -0.00799  0.02716 -0.01425
3.07910 2.50392 -13.44499 -0.95640  4.65066   0.00467 -0.00761  0.02711 -0.01429
3.07910 2.50392 -13.44499 -0.95640  4.65066   0.00467 -0.00761  0.02711 -0.01429
3.02664 2.49908 -12.78629 -1.45908  4.65066   0.00467 -0.00719  0.02704 -0.01434
3.02664 2.49908 -12.78629 -1.45908  4.65066   0.00467 -0.00719  0.02704 -0.01434
2.97681 2.49229 -12.12831 -1.93427  4.65066   0.00467 -0.00674  0.02695 -0.01440
2.97681 2.49229 -12.12831 -1.93427  4.65066   0.00467 -0.00674  0.02695 -0.01440
2.92961 2.48364 -11.47254 -2.38355  4.65066   0.00465 -0.00625  0.02683 -0.01446
2.92961 2.48364 -11.47254 -2.38355  4.65066   0.00465 -0.00625  0.02683 -0.01446
2.88502 2.47325 -10.82035 -2.80842  4.65066   0.00462 -0.00574  0.02670 -0.01454
2.88502 2.47325 -10.82035 -2.80842  4.65066   0.00462 -0.00574  0.02670 -0.01454
2.84304 2.46121 -10.17303 -3.21027  4.65066   0.00459 -0.00521  0.02655 -0.01462
2.84304 2.46121 -10.17303 -3.21027  4.65066   0.00459 -0.00521  0.02655 -0.01462
2.80363 2.44760 -9.53180 -3.59045  4.65066   0.00454 -0.00468  0.02638 -0.01470
2.80363 2.44760 -9.53180 -3.59045  4.65066   0.00454 -0.00468  0.02638 -0.01470
2.76678 2.43251 -8.89778 -3.95021  4.65066   0.00449 -0.00414  0.02619 -0.01480
2.76678 2.43251 -8.89778 -3.95021  4.65066   0.00449 -0.00414  0.02619 -0.01480
2.73244 2.41602 -8.27206 -4.29076  4.65066   0.00443 -0.00362  0.02599 -0.01490
2.73244 2.41602 -8.27206 -4.29076  4.65066   0.00443 -0.00362  0.02599 -0.01490
2.70059 2.39821 -7.65564 -4.61327  4.65066   0.00436 -0.00310  0.02578 -0.01500
2.70059 2.39821 -7.65564 -4.61327  4.65066   0.00436 -0.00310  0.02578 -0.01500
2.67118 2.37914 -7.04944 -4.91887  4.65066   0.00429 -0.00262  0.02556 -0.01511
2.67118 2.37914 -7.04944 -4.91887  4.65066   0.00429 -0.00262  0.02556 -0.01511
2.64418 2.35888 -6.45430 -5.20867  4.65066   0.00422 -0.00216  0.02533 -0.01524
2.64418 2.35888 -6.45430 -5.20867  4.65066   0.00422 -0.00216  0.02533 -0.01524
2.61953 2.33749 -5.87097 -5.48376  4.65066   0.00414 -0.00174  0.02509 -0.01536
2.61953 2.33749 -5.87097 -5.48376  4.65066   0.00414 -0.00174  0.02509 -0.01536
2.59719 2.31503 -5.30012 -5.74524  4.65066   0.00407 -0.00135  0.02485 -0.01550
2.59719 2.31503 -5.30012 -5.74524  4.65066   0.00407 -0.00135  0.02485 -0.01550
2.57711 2.29154 -4.74230 -5.99417  4.65066   0.00399 -0.00101  0.02460 -0.01564
2.57711 2.29154 -4.74230 -5.99417  4.65066   0.00399 -0.00101  0.02460 -0.01564
2.55924 2.26709 -4.19796 -6.23166  4.65066   0.00392 -0.00072  0.02435 -0.01580
2.55924 2.26709 -4.19796 -6.23166  4.65066   0.00392 -0.00072  0.02435 -0.01580
2.54351 2.24170 -3.66744 -6.45877  4.65066   0.00385 -0.00047  0.02410 -0.01596
2.54351 2.24170 -3.66744 -6.45877  4.65066   0.00385 -0.00047  0.02410 -0.01596
2.52988 2.21543 -3.15097 -6.67659  4.65066   0.00378 -0.00027  0.02386 -0.01613
2.52988 2.21543 -3.15097 -6.67659  4.65066   0.00378 -0.00027  0.02386 -0.01613
2.51828 2.18830 -2.64866 -6.88623  4.65066   0.00371 -0.00011  0.02362 -0.01631
2.51828 2.18830 -2.64866 -6.88623  4.65066   0.00371 -0.00011  0.02362 -0.01631
2.50867 2.16035 -2.16052 -7.08877  4.65066   0.00365  0.00000  0.02338 -0.01651
2.50867 2.16035 -2.16052 -7.08877  4.65066   0.00365  0.00000  0.02338 -0.01651
2.50098 2.13160 -1.68643 -7.28533  4.65066   0.00359  0.00007  0.02315 -0.01672
2.50098 2.13160 -1.68643 -7.28533  4.65066   0.00359  0.00007  0.02315 -0.01672
2.49516 2.10207 -1.22621 -7.47702  4.65066   0.00353  0.00010  0.02293 -0.01694
2.49516 2.10207 -1.22621 -7.47702  4.65066   0.00353  0.00010  0.02293 -0.01694
2.49115 2.07179 -0.77953 -7.66497  4.65066   0.00348  0.00008  0.02271 -0.01717
2.49115 2.07179 -0.77953 -7.66497  4.65066   0.00348  0.00008  0.02271 -0.01717
2.48891 2.04076 -0.34600 -7.85030  4.65066   0.00343  0.00003  0.02251 -0.01742
2.48891 2.04076 -0.34600 -7.85030  4.65066   0.00343  0.00003  0.02251 -0.01742
2.48837 2.00899 0.07485 -8.03417  4.65066   0.00339 -0.00006  0.02231 -0.01768
2.48837 2.00899 0.07485 -8.03417  4.65066   0.00339 -0.00006  0.02231 -0.01768
2.48949 1.97648 0.48361 -8.21773  4.65066   0.00336 -0.00018  0.02213 -0.01796
2.48949 1.97648 0.48361 -8.21773  4.65066   0.00336 -0.00018  0.02213 -0.01796
2.49222 1.94325 0.88090 -8.40216  4.65066   0.00332 -0.00034  0.02197 -0.01826
2.49222 1.94325 0.88090 -8.40216  4.65066   0.00332 -0.00034  0.02197 -0.01826
2.49652 1.90926 1.26743 -8.58866  4.65066   0.00330 -0.00053  0.02181 -0.01858
2.49652 1.90926 1.26743 -8.58866  4.65066   0.00330 -0.00053  0.02181 -0.01858
2.50235 1.87453 1.64396 -8.77845  4.65066   0.00328 -0.00076  0.02167 -0.01892
2.50235 1.87453 1.64396 -8.77845  4.65066   0.00328 -0.00076  0.02167 -0.01892
2.50966 1.83903 2.01134 -8.97281  4.65066   0.00327 -0.00101  0.02155 -0.01928
2.50966 1.83903 2.01134 -8.97281  4.65066   0.00327 -0.00101  0.02155 -0.01928
2.51843 1.80274 2.37044 -9.17303  4.65066   0.00326 -0.00130  0.02145 -0.01966
2.51843 1.80274 2.37044 -9.17303  4.65066   0.00326 -0.00130  0.02145 -0.01966
2.52861 1.76564 2.72219 -9.38047  4.65066   0.00326 -0.00162  0.02136 -0.02007
2.52861 1.76564 2.72219 -9.38047  4.65066   0.00326 -0.00162  0.02136 -0.02007
2.54020 1.72769 3.06760 -9.59657  4.65066   0.00326 -0.00197  0.02130 -0.02051
2.54020 1.72769 3.06760 -9.59657  4.65066   0.00326 -0.00197  0.02130 -0.02051
2.55315 1.68885 3.40772 -9.82280  4.65066   0.00328 -0.00236  0.02125 -0.02097
2.55315 1.68885 3.40772 -9.82280  4.65066   0.00328 -0.00236  0.02125 -0.02097
2.56745 1.64909 3.74365 -10.06078  4.65066   0.00330 -0.00278  0.02123 -0.02147
2.56745 1.64909 3.74365 -10.06078  4.65066   0.00330 -0.00278  0.02123 -0.02147
2.58309 1.60835 4.07657 -10.31221  4.65066   0.00333 -0.00324  0.02123 -0.02201
2.58309 1.60835 4.07657 -10.31221  4.65066   0.00333 -0.00324  0.02123 -0.02201
2.60006 1.56657 4.40772 -10.57891  4.65066   0.00337 -0.00374  0.02125 -0.02258
2.60006 1.56657 4.40772 -10.57891  4.65066   0.00337 -0.00374  0.02125 -0.02258
2.61835 1.52369 4.73843 -10.86288  4.65066   0.00343 -0.00429  0.02131 -0.02320
2.61835 1.52369 4.73843 -10.86288  4.65066   0.00343 -0.00429  0.02131 -0.02320
2.63797 1.47964 5.07011 -11.16629  4.65066   0.00350 -0.00489  0.02139 -0.02386
2.63797 1.47964 5.07011 -11.16629  4.65066   0.00350 -0.00489  0.02139 -0.02386
2.65892 1.43433 5.40428 -11.49152  4.65066   0.00359 -0.00552  0.02150 -0.02457
2.65892 1.43433 5.40428 -11.49152  4.65066   0.00359 -0.00552  0.02150 -0.02457
2.68121 1.38768 5.74259 -11.84121  4.65066   0.00369 -0.00616  0.02165 -0.02535
2.68121 1.38768 5.74259 -11.84121  4.65066   0.00369 -0.00616  0.02165 -0.02535
2.70487 1.33957 6.08681 -12.21826  4.65066   0.00382 -0.00665  0.02184 -0.02623
2.70487 1.33957 6.08681 -12.21826  4.65066   0.00382 -0.00665  0.02184 -0.02623
2.72992 1.28989 6.43887 -12.62590  4.65066   0.00392 -0.00650  0.02209 -0.02722
2.72992 1.28989 6.43887 -12.62590  4.65066   0.00392 -0.00650  0.02209 -0.02722
2.75639 1.23851 6.80091 -13.06774  4.65066   0.00397 -0.00428  0.02235 -0.02820
2.75639 1.23851 6.80091 -13.06774  4.65066   0.00397 -0.00428  0.02235 -0.02820
2.78407 1.18563 6.90162 -13.20938  4.65066   0.00402  0.00419  0.02272 -0.02952
2.78407 1.18563 6.90162 -13.20938  -2.74573   0.00402  0.00419  0.02272 -0.02952
2.81133 1.13318 6.73112 -13.01330  -2.74573   0.00420  0.00494  0.02305 -0.03065
2.81133 1.13318 6.73112 -13.01330  -2.74573   0.00420  0.00494  0.02305 -0.03065
2.83791 1.08154 6.55839 -12.80369  -2.74573   0.00440  0.00572  0.02341 -0.03181
2.83791 1.08154 6.55839 -12.80369  -2.74573   0.00440  0.00572  0.02341 -0.03181
2.86379 1.03077 6.38237 -12.57938  -2.74573   0.00461  0.00652  0.02380 -0.03299
2.86379 1.03077 6.38237 -12.57938  -2.74573   0.00461  0.00652  0.02380 -0.03299
2.88897 0.98093 6.20208 -12.33925  -2.74573   0.00484  0.00733  0.02421 -0.03419
2.88897 0.98093 6.20208 -12.33925  -2.74573   0.00484  0.00733  0.02421 -0.03419
2.91340 0.93208 6.01661 -12.08229  -2.74573   0.00508  0.00813  0.02465 -0.03540
2.91340 0.93208 6.01661 -12.08229  -2.74573   0.00508  0.00813  0.02465 -0.03540
2.93709 0.88430 5.82516 -11.80760  -2.74573   0.00532  0.00888  0.02510 -0.03662
2.93709 0.88430 5.82516 -11.80760  -2.74573   0.00532  0.00888  0.02510 -0.03662
2.96000 0.83765 5.62703 -11.51442  -2.74573   0.00552  0.00950  0.02557 -0.03784
2.96000 0.83765 5.62703 -11.51442  -2.74573   0.00552  0.00950  0.02557 -0.03784
2.98210 0.79221 5.42165 -11.20221  -2.74573   0.00554  0.00973  0.02599 -0.03896
2.98210 0.79221 5.42165 -11.20221  -2.74573   0.00554  0.00973  0.02599 -0.03896
3.00336 0.74805 5.20860 -10.87066  -2.74573   0.00506  0.00895  0.02589 -0.03922
3.00336 0.74805 5.20860 -10.87066  -2.74573   0.00506  0.00895  0.02589 -0.03922
3.02375 0.70527 4.98759 -10.51970  -2.74573   0.00329  0.00583  0.02204 -0.03358
3.02375 0.70527 4.98759 -10.51970  -2.74573   0.00329  0.00583  0.02204 -0.03358
3.04325 0.66392 4.75851 -10.14954  -2.74573    1.02412   1.77792   6.75693 -10.40702
3.04325 0.66392 4.75851 -10.14954  -2.74573    1.02412   1.77792   6.75693 -10.40702
3.06181 0.62410 4.52137 -9.76066  -2.74573  0.00000 0.00000 0.00000 0.00000
3.06181 0.62410 4.52137 -9.76066  -2.74573  0.00000 0.00000 0.00000 0.00000
